1                                                

0.390473687649339823089e0 -0.570410009398201217081e0
-0.955985737848035185935e0 0.118376097661920931509e-1
0.921301565684186352429e-1 -0.627980336090796982984e0
-0.784894563134482730761e-1 -0.696444224699326400630e0
0.100000000000000000000e1 0.000000000000000000000e0
-0.144754360168289980716e0 -0.761167294343871784373e0
0.253701580636911710434e0 0.396176509574232197047e0
0.100000000000000000000e1 0.000000000000000000000e0
-0.186274425876831488383e0 -0.276480781835620527311e0
-0.595773075713968261783e-2 0.663101817037798212323e0

