1                                                

0.445150537939834294000e0 -0.892460352856198631092e0
0.100000000000000000000e1 0.000000000000000000000e0
0.713793977266986454382e0 0.272508630955903839791e0
0.730711111582224341024e-1 0.729413823231372013029e0
0.184301755949027692757e0 -0.114797481273503331499e0
0.100000000000000000000e1 0.000000000000000000000e0
-0.143781881944393489191e0 -0.525324519782125204316e0
0.255295656858103115676e0 -0.449757135301609860218e0
0.135227466162230453204e0 -0.641000361291630927144e0
-0.302848221820158142485e0 -0.497119333104111482343e0

