1                                                

0.731456628507721138614e-1 0.438919990456249244619e0
-0.254474569492375915286e0 -0.789206161176864027227e0
-0.108679093790185984912e0 -0.180351542517230233289e0
0.100000000000000000000e1 0.000000000000000000000e0
-0.809567409843502841139e-1 0.347077338321787147462e0
-0.403096786101688909631e0 0.771537657071890001800e0
0.319681189711198597802e0 0.131136931445647531502e0
-0.910968034588644884700e0 0.258007728612209339195e0
0.230703671522511091329e0 -0.314437189371709076627e0
0.100000000000000000000e1 0.000000000000000000000e0

