1

0
-0.496535243502021420269674775447e-20 -0.530129023471907039865842435339e-20
0.100000000000000000000000000000e1 0.000000000000000000000000000000e0
0.224804924059300475185367832611e-1 -0.670089947845404837675377226543e0
0.730711111582224340929411669426e-1 0.729413823231372012864518567873e0
0.797800054693858296404680443947e0 -0.490915999209140419438885424896e0
0.174415239685403590653650220528e-18 -0.194635491441430481619553316520e-19
0.826453970162069078532206213284e-19 -0.542461428477250617918221890845e-19
0.100000000000000000000000000000e1 0.000000000000000000000000000000e0
0.586374276490595587239848583097e-19 -0.547808359758280202799739939103e-19
-0.418964538402246317689980534333e0 -0.839780228903242572313192202248e0

