1                                                

-0.241809847577030982162e0 0.911836124564148758291e0
0.100000000000000000000e1 0.000000000000000000000e0
0.642827678161772662826e0 -0.231020770295358049301e0
0.730711111582224340821e-1 0.729413823231372013083e0
0.586455630393591625493e0 -0.731676293839975477813e-1
0.100000000000000000000e1 0.000000000000000000000e0
0.126327344552997904327e-1 0.433497824643945640758e0
-0.384970103040189050536e0 0.561194290142859826380e0
-0.784888053527843455637e-1 0.524793844970614477296e0
0.536619242156715201345e0 0.564977399572572822626e0

