1                                                

0.140212535206140112749e0 -0.401647162777444110372e0
0.105834257667747384902e0 -0.537367310119924016345e0
0.152416666976252507875e0 -0.762158975843643221831e0
0.100000000000000000000e1 0.000000000000000000000e0
-0.341478598118394941845e-1 0.319162828315667691673e0
0.100000000000000000000e1 0.000000000000000000000e0
0.334301373068181922527e-1 0.318820199873356651651e0
-0.183243476096752892318e0 -0.145432770759798471862e0
0.341582384380478138385e0 0.152133974948113908707e0
0.861621815599226985918e-1 0.240383714694515810789e0

