1

0
0.161891565976784642885e0 0.844082308897964159644e0
-0.456786835022926191900e0 0.571837690244960333591e0
0.100000000000000000000e1 0.000000000000000000000e0
-0.450484237506946413025e0 -0.291401816307479910758e0
-0.376985585605592158259e0 0.347725356001397281744e-1
0.100000000000000000000e1 0.000000000000000000000e0
-0.315268435682405754488e0 -0.471805140080667454323e0
0.259717228195919889398e0 -0.312422484063659661288e0
-0.159714669656998097176e0 0.847678147153073854587e0
0.402306490698184151004e-1 0.576531188549462862410e0

