1                                                

0.473460709642132466276e0 -0.552726201576784430920e0
0.100000000000000000000e1 0.000000000000000000000e0
-0.305980800934469519473e0 -0.643796189323367529570e0
0.730711111582224340211e-1 0.729413823231372012866e0
0.100342904185303829833e0 0.169443202592315527705e0
0.100000000000000000000e1 0.000000000000000000000e0
-0.367224700391184076623e0 -0.835797250315797040298e0
0.707008309884270011398e-1 -0.319078183698006150255e0
-0.464288031645254317198e0 0.595946461253264749914e0
0.612942659704701683802e-1 0.245545884323852606906e0

