1

0
0.904483631400038463590e-1 -0.540720341522253409097e0
-0.701331757540563626818e0 -0.571842858162102383058e0
0.499847653390322182104e0 -0.109324196777833791398e0
0.100000000000000000000e1 0.000000000000000000000e0
-0.198215931965521114515e-1 0.150709402862864198590e0
0.711685769018641208164e-18 -0.470661402647675612865e-18
-0.397396197539290881387e0 0.563999552415140246585e0
-0.333750907385914844221e0 -0.708705505490916549093e0
0.802805603114566041336e0 -0.491264836888342381439e0
0.100000000000000000000e1 0.000000000000000000000e0

