1                                                

0.144080656952995303383e0 -0.618369130912876755011e0
-0.595406088239864228527e0 -0.555918733454919346965e0
0.465570410057216895405e0 -0.117076778341649883296e0
0.100000000000000000000e1 0.000000000000000000000e0
0.117890270304652749339e-1 0.137767469176324892823e0
0.100000000000000000000e1 0.000000000000000000000e0
0.622100790721758636019e-1 -0.354328413904012506344e0
0.265236634577607107392e0 -0.277804762373876751997e0
-0.450945181541688398813e0 0.608321776932420133443e0
0.232341011583057672520e0 0.719995692022034662464e0

