1

0
-0.338173387838920276037550310821e-21 -0.908564981221671630251082699886e-21
0.100000000000000000000000000000e1 0.000000000000000000000000000000e0
0.874834574279605271652761501628e-1 0.517444789907110168968963897648e0
-0.723292221742582558153232996257e0 0.677952822173008400172432419534e0
-0.161094247751386688958629921865e0 -0.352949076481545359485389102161e0
0.100000000000000000000000000000e1 0.000000000000000000000000000000e0
0.942348531364921741928638152025e-1 0.624869413497596684050357833321e-1
-0.737057699718467274544618465144e0 -0.772986968575044071422106394085e-1
-0.853806729821892257709534896147e-1 0.688716491078723590897671810648e-1
0.287241953321377998374101737879e0 -0.659113199968014230278901764532e0

