10
0
0
96
0.207211864901461180995397148984e-21 0.867488519181667168943797891743e-21
-0.913168908943194729991207420854e0 -0.111822005915768085559219882518e0
-0.220254590119928917802567284598e-1 -0.482297069931857660870261146634e0
0.736298013467415197769839830958e0 -0.538205451840157688180731647311e0
0.107638784737874236087592133830e0 0.340316005008212738913952811468e0
-0.126658657278557423586138888804e1 -0.931105110122964465930792324601e-2
-0.118774780567034391781030729158e0 -0.800225464211160319236836665567e-1
0.932827653715133686718600499107e0 0.104768273440170967705083325501e0
0.108783281418906282063146066457e0 -0.864369221964361614739283382426e-1
-0.369953837903955225154523396280e0 0.832149404519427631188092593267e0
1.09968939497195e-18
5.217516122338635e+22
4.59407034794726e-29
3.72529029846191e-10
4.57382884454778e-18
1.000000000000000e-01
2
1
-1

2 0
2 10
-5529634657093808315811158811195484796075630223193137021303119781456428522150103264100554630251137585185219940652967361985395487609621028059546548279572157726145131737033095445262359884256625341226024455226201101185628776876225381581391551903431096845567593426241694554162609596878622019788070519452266763191991/10000000000000000000000000000000000000000000000000000000000000000000000000000000000000000000000000000000000000000000000000000000000000000000000000000000000000000000000000000000000000000000000000000000000000000000000000000000000000000000000000000000000000000000000000000000000000000000000000000000000000000000000 -264505562669805383710400463317742657669427096082549109774545379951837490808607228623418247215678893490787049244932665165556560602563637909929241278875963845167767128630732170481330514500374911346712271279715987074391733962818072162255233496356106228547495022879111451108239644230258771168941522544013888564423/312500000000000000000000000000000000000000000000000000000000000000000000000000000000000000000000000000000000000000000000000000000000000000000000000000000000000000000000000000000000000000000000000000000000000000000000000000000000000000000000000000000000000000000000000000000000000000000000000000000000000000000
-891339042228038876270084175958817352714981191102910186106373485576682062568484733436935312213145234416269013958333571910896802702082076346054213385958328169091422582411367327691469434418982953785613017854513536811796692284408683283585315705694086929151401231598771835380928036874974925973690717989471441159801/2000000000000000000000000000000000000000000000000000000000000000000000000000000000000000000000000000000000000000000000000000000000000000000000000000000000000000000000000000000000000000000000000000000000000000000000000000000000000000000000000000000000000000000000000000000000000000000000000000000000000000000000 6950054139363788740446918940276085516630358567285748447737593226299570215821829241635718153156581425585019655899000064108275804915087212073351384707771420269164725995097306565007229008699214549742691313714449562070437672795014222023275747132459174798645114123445177896243962121060365585469602999715642234786817/10000000000000000000000000000000000000000000000000000000000000000000000000000000000000000000000000000000000000000000000000000000000000000000000000000000000000000000000000000000000000000000000000000000000000000000000000000000000000000000000000000000000000000000000000000000000000000000000000000000000000000000000
-5383992554411038211911915018675809849524383954168376001668540571132908196830116459280967377163862083020581177181475705563840573755300607621440951102122602818020371820537325873716771955716628442386524290523370217222728654681490638567731953512366212825022308381762556256008014331361434671788531483510052793378987/100000000000000000000000000000000000000000000000000000000000000000000000000000000000000000000000000000000000000000000000000000000000000000000000000000000000000000000000000000000000000000000000000000000000000000000000000000000000000000000000000000000000000000000000000000000000000000000000000000000000000000000000 1433042538758487482217289058559448307037188957107306275069086657735658184112980638418139985115502443104353804122086255541986538281794813783512621391301603778264930924921909877755681644805794221443395245953263141830685701085016732795105286187504853591120785603790973669260477750080584403606608078375797957537357/2000000000000000000000000000000000000000000000000000000000000000000000000000000000000000000000000000000000000000000000000000000000000000000000000000000000000000000000000000000000000000000000000000000000000000000000000000000000000000000000000000000000000000000000000000000000000000000000000000000000000000000000
-1169751032520995568047093712814129459601551715841798230852512630577461508554531129074871216396947336841626984650862329682643609710427307873565161889659195989973505834851947486429844928553918969368519514593706498757919216004485803637949287140838788990574724521851199985676339376015235207346071366751565950599167/10000000000000000000000000000000000000000000000000000000000000000000000000000000000000000000000000000000000000000000000000000000000000000000000000000000000000000000000000000000000000000000000000000000000000000000000000000000000000000000000000000000000000000000000000000000000000000000000000000000000000000000000 236794330836389225043726161045043426617444844301425860197948690806993130022410967193585190196855495968628730655868534062724108019963252424056678928140060376921644629126080013773942098741696806725167844728670424501972357104204801839639098693508373132529098420507733522425186289473270574698510585799168166246911/250000000000000000000000000000000000000000000000000000000000000000000000000000000000000000000000000000000000000000000000000000000000000000000000000000000000000000000000000000000000000000000000000000000000000000000000000000000000000000000000000000000000000000000000000000000000000000000000000000000000000000000
-1423277785241664332690898107046831330152987009841415908139737681264829106107791223200103809113648051071489655954020579181528359552557062477214524785972667259361616557838125984554802525745636457072351950484727572358915721282232615192795444163982792778055400892583617739953436796981038882582689414830008089028649/2000000000000000000000000000000000000000000000000000000000000000000000000000000000000000000000000000000000000000000000000000000000000000000000000000000000000000000000000000000000000000000000000000000000000000000000000000000000000000000000000000000000000000000000000000000000000000000000000000000000000000000000 5245064076501904056953478831253851642142067053607712835918232404984974651687866530424122657915246302431852250385534931831146778307351418329990737175498628546337624035423130259888002002484450653289862418003792304417051010733245675054980494051321591496542584967668243690461196690126482530560312943981317829294229/10000000000000000000000000000000000000000000000000000000000000000000000000000000000000000000000000000000000000000000000000000000000000000000000000000000000000000000000000000000000000000000000000000000000000000000000000000000000000000000000000000000000000000000000000000000000000000000000000000000000000000000000
0 0
0 0
0 0
0 0
0 0
0 0
0 0
0 0
0 0
0 0
-1184199826804541958643479151178731511093768268595394220441284182558246896431786359655151348385698361203186330922343423509187559493691497886664071385828347721811765531674514891970398181661201495225235453478427842218388295652111445500190622692538839508307710630978920828815519443162991956535864846747978720693451/2500000000000000000000000000000000000000000000000000000000000000000000000000000000000000000000000000000000000000000000000000000000000000000000000000000000000000000000000000000000000000000000000000000000000000000000000000000000000000000000000000000000000000000000000000000000000000000000000000000000000000000000 1226252462627627313447177966615939541182020818978891692992558614434217808502103440737329238900340984053140425451225207324490427576341654841566154757338714675737002251579213789570417554960815775307592932463482025998205937098708485966128367927096547468635545049671926679418415589695017386074882976810180718917/8000000000000000000000000000000000000000000000000000000000000000000000000000000000000000000000000000000000000000000000000000000000000000000000000000000000000000000000000000000000000000000000000000000000000000000000000000000000000000000000000000000000000000000000000000000000000000000000000000000000000000000
-4543183517813055219967966826800716053342419994216741139869433576135846413069830640676401843762828853245702890538441469472460236742457348747767525292782576927618938426381342376602222649411990681471488464722434237300236808370894653360701911126603544869927640758029238945857967185249964155928462671697581590207993/5000000000000000000000000000000000000000000000000000000000000000000000000000000000000000000000000000000000000000000000000000000000000000000000000000000000000000000000000000000000000000000000000000000000000000000000000000000000000000000000000000000000000000000000000000000000000000000000000000000000000000000000 -2214343652646154491761069389958419182915044520337689608143868669306009296210434910682725592734378921955331276979382154391639007927417936103412242983741169828438376961684096128504058743845799265262990605014608380819741158562094852119280036176772780236259414058121409872412082783966402353915571009359958717941359/10000000000000000000000000000000000000000000000000000000000000000000000000000000000000000000000000000000000000000000000000000000000000000000000000000000000000000000000000000000000000000000000000000000000000000000000000000000000000000000000000000000000000000000000000000000000000000000000000000000000000000000000
-2870597650672103836627787565404226936759126538959420609487165563462855075057230295557814997659759154031851140936255091578179247841559394221035368460779147370198107269361300682287805613696496291489089768937890591234217658909036172406515188021400270489232702323176892612297636242453600851194510293841830356870941/5000000000000000000000000000000000000000000000000000000000000000000000000000000000000000000000000000000000000000000000000000000000000000000000000000000000000000000000000000000000000000000000000000000000000000000000000000000000000000000000000000000000000000000000000000000000000000000000000000000000000000000000 1763079797723755798752992121846721346413604504012300709237491612018123405604286578413075772271156490492836079560772174110441222406606207863837925113884751263619216453910007515790838782384312086500435754700723582542750038298486312673542161758475724793908162122673497224510235026543012520354846689384343703302491/10000000000000000000000000000000000000000000000000000000000000000000000000000000000000000000000000000000000000000000000000000000000000000000000000000000000000000000000000000000000000000000000000000000000000000000000000000000000000000000000000000000000000000000000000000000000000000000000000000000000000000000000
3214674082349809194118877055716126210929291011823729069532805326756955406034809497939176542143175108816856115343436541569071407345247045444755864222973272572186513342895713611760223624567569479291378743789826065139246356932542496041892873398813818898538234522993490308604415261615192878423556871232767666042783/10000000000000000000000000000000000000000000000000000000000000000000000000000000000000000000000000000000000000000000000000000000000000000000000000000000000000000000000000000000000000000000000000000000000000000000000000000000000000000000000000000000000000000000000000000000000000000000000000000000000000000000000 -8678617793921014746878318566001105546811537833353135658677712513263412088040311277581261659236544820632966781923308267709797791597336781011399799497257920767029487082879512711908996763462069729827938943869412262650145572747551901686404669503343098319151028350894327844003329788552623134257564921569936264202579/10000000000000000000000000000000000000000000000000000000000000000000000000000000000000000000000000000000000000000000000000000000000000000000000000000000000000000000000000000000000000000000000000000000000000000000000000000000000000000000000000000000000000000000000000000000000000000000000000000000000000000000000
-734032335351977713918484475926662612088575454272933139471340803085382241693957289021492397274861344594153880624026962450693860216363267336406106970675911122779020010141361247601670640329062580077596464784246985728483493499206201327658409052906115360865240558754585942639092698062607152462326354564470098429563/2500000000000000000000000000000000000000000000000000000000000000000000000000000000000000000000000000000000000000000000000000000000000000000000000000000000000000000000000000000000000000000000000000000000000000000000000000000000000000000000000000000000000000000000000000000000000000000000000000000000000000000000 -9539880777622190727492583750515386335220724504864837399381767011911763292012097017093290507608259077089639631334853827244713594799854751989592536190817137461524004915159996348185795867390847797906859518187805378557089474049554594819858028289963450407630544830399385335393734933382693384518300942505390685710787/10000000000000000000000000000000000000000000000000000000000000000000000000000000000000000000000000000000000000000000000000000000000000000000000000000000000000000000000000000000000000000000000000000000000000000000000000000000000000000000000000000000000000000000000000000000000000000000000000000000000000000000000

-1
4332368251021762166335941196678196377859340406740362089559975689529217454437441723166932813026884846553334775372639664911722026594083584896220572050867310082605570086423213555902131071345599319341525420172345403447213491379325658551269466579191308778617018204847183755564399952803656957922843930777818505770693/10000000000000000000000000000000000000000000000000000000000000000000000000000000000000000000000000000000000000000000000000000000000000000000000000000000000000000000000000000000000000000000000000000000000000000000000000000000000000000000000000000000000000000000000000000000000000000000000000000000000000000000000 -2225478164163610491770455061673593030261276309333853815653927969725457727732190179697176944044112488066583869408068080612490863544537264505633369878917772433127544905886994120237931132257359589358971514071626554271886173231211461947661938554418824774548009737725140609404146070402342620568824080196279168256807/2500000000000000000000000000000000000000000000000000000000000000000000000000000000000000000000000000000000000000000000000000000000000000000000000000000000000000000000000000000000000000000000000000000000000000000000000000000000000000000000000000000000000000000000000000000000000000000000000000000000000000000000
0 0

0 0

0 0

