1                                                

-0.139502032055411900058e0 -0.133710945958412106969e0
-0.445698791161284057458e0 -0.518563660686742723292e0
0.452343963498263726750e0 -0.666102815516576965676e0
0.100000000000000000000e1 0.000000000000000000000e0
-0.191265861977785994342e0 0.325474342954950484691e0
-0.662758362561038799794e0 -0.217464630417349215916e-1
0.458733553014984156340e-2 -0.496719773624815959872e-2
0.100000000000000000000e1 0.000000000000000000000e0
-0.781194614893999181649e-1 0.535273537706435362116e-1
-0.660877104227037211453e0 0.482041357466832833358e0

