1

0
0.233019590860472781844886813066e-20 0.534079713082271681414210792382e-21
-0.804189910020259910418836053258e0 -0.534693205951583511753092352387e0
0.425413649240814188303099839352e0 -0.448598364726229123770696219308e0
0.100000000000000000000000000000e1 0.000000000000000000000000000000e0
-0.143339568078158765809042792090e0 0.360262342689639341647689600569e0
0.728737670275306518022432278118e-22 0.314890289651277863027072351176e-20
0.156887567818233622434600008850e-20 0.601142400030255673898732761831e-21
0.100000000000000000000000000000e1 0.000000000000000000000000000000e0
-0.181098899561932040632135581021e-20 0.205928173983246919308097786213e-21
0.418964538402246317242469155029e0 0.839780228903242571963499229601e0

