1                                                

0.120399226481192485008e0 -0.551741102561234601407e0
0.100000000000000000000e1 0.000000000000000000000e0
-0.248672803930833133799e0 0.534405819642599940085e0
-0.579650781953223363124e0 0.236227996421659249573e0
0.142413751312467563669e0 -0.413447506749933537361e0
0.173569269553892558457e0 0.718841515582912033767e0
-0.619419457615917602181e-1 0.276498140932555407946e0
0.100000000000000000000e1 0.000000000000000000000e0
-0.829130601425390532285e-1 -0.156694982372344531865e0
0.365761049524422223941e0 0.457160677721312171768e0

