1                                                

0.714982321330302713497e0 0.146301724994337836180e0
-0.112515125991556176060e0 -0.529397307489379758847e0
-0.352965839443275640046e0 -0.771445213547831405753e0
0.100000000000000000000e1 0.000000000000000000000e0
0.137297482856156350894e0 0.617202092306432367448e0
-0.356251219018977326538e0 0.309852979806465189200e0
0.773041143865198677405e-2 -0.401373217506100091916e0
-0.335447203120508852112e0 0.264820523852850549755e0
-0.144789222035319718507e0 -0.949769398344557250235e0
0.100000000000000000000e1 0.000000000000000000000e0

