1                                                

0.339909548978177636895e0 0.399969833927037564153e0
-0.792502212538747668102e0 -0.470118522549309653482e0
0.550159730887380264783e0 -0.637210210829696007307e0
0.100000000000000000000e1 0.000000000000000000000e0
-0.220172354753767738367e0 0.541614353884243406121e0
-0.512143817635385613699e0 -0.743667603427206139145e0
-0.660741673347821506794e0 -0.319529767934672421245e0
0.487266125013766238262e0 0.267811482349655086523e0
0.100000000000000000000e1 0.000000000000000000000e0
-0.597617662407342962051e-1 0.706391555801131552353e0

