1                                                

0.100000000000000000000e1 0.000000000000000000000e0
-0.954057405122529874296e0 -0.155337082110164799575e0
0.199907096020682660051e0 0.111275081885190831202e0
0.435909802505472330635e-1 -0.707253312646492258899e0
0.220458573727680380810e0 0.242934525928383624003e0
0.100000000000000000000e1 0.000000000000000000000e0
-0.290961983240111146827e0 -0.197396811987036849878e0
-0.389766131743318543728e0 -0.528511253950418943435e0
-0.184863603119517768702e-1 0.175996123438767058453e0
0.274881346010386260848e0 0.141779325706240189706e0

