1                                                

-0.838372824558567037291e0 0.312287429092676853339e0
0.100000000000000000000e1 0.000000000000000000000e0
0.434055425347954883318e0 0.361282110812395030805e0
0.730711111582224341024e-1 0.729413823231372013029e0
-0.440317106998784666241e0 -0.369889245991614814971e0
0.100000000000000000000e1 0.000000000000000000000e0
-0.281771920523868774224e0 -0.160349063298189693842e0
-0.286642390904927249289e0 -0.754330989382566495342e0
-0.166212555702393450694e0 -0.101153642288553227860e0
-0.432754268545860045251e0 0.134589336108259890535e0

