1                                                

0.186929393612491703941e0 0.767470079099798538043e0
-0.378420191133263507160e-24 0.436105366254831403976e-24
0.100000000000000000000e1 0.000000000000000000000e0
-0.232556112945265921009e-23 -0.865347747172795920749e-24
-0.463334319735624614050e0 0.608319508669695714753e-1
-0.207550737121544872889e0 -0.813801345384871848776e0
-0.362630501092448978507e-23 0.102054412737211694270e-24
-0.510247253048931699633e-25 -0.120542842031768232666e-23
0.531371781456427103203e0 -0.445164557008578873570e0
0.100000000000000000000e1 0.000000000000000000000e0

