1                                                

0.198059741071825684084e0 0.914872646348875881287e0
-0.391988050751151686024e-24 0.338036951883241586456e-23
0.100000000000000000000e1 0.000000000000000000000e0
0.969941648114619698529e-25 0.493538874582621660816e-23
-0.491225418511893081489e0 0.879621203555634546345e-1
-0.140104861932413833689e-1 0.189831901352952398560e-1
0.994756920416193070587e-25 0.406639872759730289697e-25
0.172142988246787727082e-26 -0.868575988717657242016e-28
-0.194985829462879524620e-1 0.109536572623366298900e-1
0.100000000000000000000e1 0.000000000000000000000e0

