10
0
0
64
-0.146270283466842660711e0 -0.615319886966002954475e-1
0.248105325970785584581e0 -0.391738968062292145493e0
0.979926579016762167029e-1 -0.333267259223129517294e0
0.303869150255987134380e0 0.152346652700129430919e0
-0.145493153979491831104e0 0.916215011362599121279e-1
-0.105638403664548325485e1 0.227931713320100102451e-1
-0.920422184848357661854e-1 0.138912827585664772640e0
0.200034980318471593080e1 -0.138402872656367346917e1
-0.168067944783473720768e-1 0.176797432800684784583e0
-0.212025039831173989853e1 -0.117880625043318800122e1
2.79145873138142e-19
3.900889681171605e+03
1.95985000275945e-18
1.52587890625000e-6
1.25153754337243e-18
1.000000000000000e-01
1
1
-1

2 0
2 10
3671869966689126112200009700756197262244144965516468286373144133555310557485625568176473760903664800322080306272299849132175989332974730503613765021174883795244058149608091007244617361725178071945527386014102633837476180494495907843282708781405055535147398078622621281701467164567385503260146993953373813065441/10000000000000000000000000000000000000000000000000000000000000000000000000000000000000000000000000000000000000000000000000000000000000000000000000000000000000000000000000000000000000000000000000000000000000000000000000000000000000000000000000000000000000000000000000000000000000000000000000000000000000000000000 -1859451465159029122676502706516133200320987753377122423838231672534061999149851709284031278096858700736612145358548310701522754934950460524503583262987173316930976758609889457258433404558994153532086580488542670789422655750800771980826352357031575021853009611962583741176402856177406045826635748922172147934311/2000000000000000000000000000000000000000000000000000000000000000000000000000000000000000000000000000000000000000000000000000000000000000000000000000000000000000000000000000000000000000000000000000000000000000000000000000000000000000000000000000000000000000000000000000000000000000000000000000000000000000000000
1810730440207382869120496060755726623569109728798290133620626915663745801820907708124148203905596002790318990564619191838736512134140582463342815327900094365251534776608492421067027407994496996887656907877228892109044916285883098977500363195545693532031126859461072798322968323373700421483416988544209338391819/10000000000000000000000000000000000000000000000000000000000000000000000000000000000000000000000000000000000000000000000000000000000000000000000000000000000000000000000000000000000000000000000000000000000000000000000000000000000000000000000000000000000000000000000000000000000000000000000000000000000000000000000 1512948965330213545918654368535469404240295862726981643270452387448400495574607485350245956861745988388235675728864188488629710749427052855903592045343146783566160034073687609843188159684228530584313719928740445180571508448221384071834618696320112925878751202989264474108523226606147926652188989252065156451941/2000000000000000000000000000000000000000000000000000000000000000000000000000000000000000000000000000000000000000000000000000000000000000000000000000000000000000000000000000000000000000000000000000000000000000000000000000000000000000000000000000000000000000000000000000000000000000000000000000000000000000000000
964058063801614245588803680832541878170550416552687391574921473024955166629585631170934839767160924615247237178974223883610779100528632210167627798789747257578864305990029076070703813565685694457232613986214489808659507895105310872332454607816018687485560906201104638106145496730479763690884278221509542017133/5000000000000000000000000000000000000000000000000000000000000000000000000000000000000000000000000000000000000000000000000000000000000000000000000000000000000000000000000000000000000000000000000000000000000000000000000000000000000000000000000000000000000000000000000000000000000000000000000000000000000000000000 4625214575624528983379892902937187715694982950417115556281067930306758617118800493544998368881932468320494074932202431655712919403485196048678680266770009475513888122829401245978895908398239529957029784207559028673539465640898006388589316438807552045624598938818036216295929336622923750523501353922648888867101/5000000000000000000000000000000000000000000000000000000000000000000000000000000000000000000000000000000000000000000000000000000000000000000000000000000000000000000000000000000000000000000000000000000000000000000000000000000000000000000000000000000000000000000000000000000000000000000000000000000000000000000000
5894344188304845219486685642444188821512381020911700133679349594234706449590672312932255696200573151578207269975893716883727327237330821467369960619940059696463863071168761151285248805109604843505225068310717733248469304550482898236941008981444002453272230761074503973525147794192366181307587785923978604657677/10000000000000000000000000000000000000000000000000000000000000000000000000000000000000000000000000000000000000000000000000000000000000000000000000000000000000000000000000000000000000000000000000000000000000000000000000000000000000000000000000000000000000000000000000000000000000000000000000000000000000000000000 -9004641774152859887152577889173234006293946345511058363736377280425476873764537590632482463702760733489684893241551051828676580578051629299616090044172997639493277064866109851197353957461206144652419589482352736385066452403575969978959475939641701344750986387353437186808811595673778713792396710342636754417501/10000000000000000000000000000000000000000000000000000000000000000000000000000000000000000000000000000000000000000000000000000000000000000000000000000000000000000000000000000000000000000000000000000000000000000000000000000000000000000000000000000000000000000000000000000000000000000000000000000000000000000000000
-2115836733502996021713343677019618028160890352569822958418197239575520116932475762003542610071980073873395804238438056958012768170542775334685123637086933754544495125562457372311514452852335911081810943854141352716172417936136075456677864212000212589987376824487618045049835935000842560792927426764345506043889/2500000000000000000000000000000000000000000000000000000000000000000000000000000000000000000000000000000000000000000000000000000000000000000000000000000000000000000000000000000000000000000000000000000000000000000000000000000000000000000000000000000000000000000000000000000000000000000000000000000000000000000000 -1659281366188707777218924662923404525043981560792289316946524922708802355573623259903202351867432531397043005551482971966233228817086837045373615155574787648784075586544653887339108429799771966131202922691002763488951222124471493736020479476234457823637275813781725798499392679455788302850504355569390699597677/50000000000000000000000000000000000000000000000000000000000000000000000000000000000000000000000000000000000000000000000000000000000000000000000000000000000000000000000000000000000000000000000000000000000000000000000000000000000000000000000000000000000000000000000000000000000000000000000000000000000000000000000
0 0
0 0
0 0
0 0
0 0
0 0
0 0
0 0
0 0
0 0
4303092418654853170598232238765259267137274657260825935112144566127930681305394507030833676645520287593077072636583940473817154863384314923283802493263919990026245901248463588717844487781289422681336944255971254495522681537428588168391013299954518551903023457732717891120324115265600194505492061900962307907043/100000000000000000000000000000000000000000000000000000000000000000000000000000000000000000000000000000000000000000000000000000000000000000000000000000000000000000000000000000000000000000000000000000000000000000000000000000000000000000000000000000000000000000000000000000000000000000000000000000000000000000000000 -2798315316552915184100389671926999190518918807663803064224100684671086246919666371904890989742724363893897997179984594890160533144758262895436061035016150749523304397315559123428024427624281102726421423387617348670343626878166776936230555092642755919147586417506668345553160394289949349302686496186043692689317/5000000000000000000000000000000000000000000000000000000000000000000000000000000000000000000000000000000000000000000000000000000000000000000000000000000000000000000000000000000000000000000000000000000000000000000000000000000000000000000000000000000000000000000000000000000000000000000000000000000000000000000000
181136650375827784790753022902290912504966940661189507527064552536247774145786736442358073348774367585530606719497564900112522487020517014185049218405804082914731678845861596238755819797523246321603737262979000856989769283559460635752890723693485512382794099773872124539951773062640975695303446083490348819887/500000000000000000000000000000000000000000000000000000000000000000000000000000000000000000000000000000000000000000000000000000000000000000000000000000000000000000000000000000000000000000000000000000000000000000000000000000000000000000000000000000000000000000000000000000000000000000000000000000000000000000000 9090249031868963602318309721453062802926916065580974541146700309229843337429739758948687707722732377794504072996557668420131065577943021002207904131522890129627755606844942787029867505046305992699350460753898762496332808261439181320671353113210618947515117149493100239494416364255072998514479406145881397836449/10000000000000000000000000000000000000000000000000000000000000000000000000000000000000000000000000000000000000000000000000000000000000000000000000000000000000000000000000000000000000000000000000000000000000000000000000000000000000000000000000000000000000000000000000000000000000000000000000000000000000000000000
2990000627243460075812996840649128805759025927437105735692901235275466144716776815930021200097048933051093145600641054437923904306563901242846607253416760024826050340495435293152465911617675396848529577157885360567965275829373416653972936902861412816921140435137190239213236685282417988689914435946284015000533/5000000000000000000000000000000000000000000000000000000000000000000000000000000000000000000000000000000000000000000000000000000000000000000000000000000000000000000000000000000000000000000000000000000000000000000000000000000000000000000000000000000000000000000000000000000000000000000000000000000000000000000000 -1237284422071687397819934574836190127612813043228097445620618943826821906020007531255822247043881211398210409238123172285908987619105814967015475195955647893658800651230389034024122334036212732176795669266996621533592131233485694403786550687493200380791822289847047517648867060928880076870262989383027859889173/2000000000000000000000000000000000000000000000000000000000000000000000000000000000000000000000000000000000000000000000000000000000000000000000000000000000000000000000000000000000000000000000000000000000000000000000000000000000000000000000000000000000000000000000000000000000000000000000000000000000000000000000
-8157961624101670643072114906873509966996338123148394524479509988758814295150441897118842051792733671419519736951745796897238977728826617477859518711717079452897878918758932986758639087392655641168506170263447603711959987881264423118763544364807668906398111245675091554039492768055269197154222383028079536479891/10000000000000000000000000000000000000000000000000000000000000000000000000000000000000000000000000000000000000000000000000000000000000000000000000000000000000000000000000000000000000000000000000000000000000000000000000000000000000000000000000000000000000000000000000000000000000000000000000000000000000000000000 -3278625565838422635806635323312710055420626263154201521720037404458420233996691448322937009407090158163832813387304161265635613995099027654896273589270478860482616362572790070391928917902054758330793150492600850193992195120583301132273470932626981522135015327211263360105214422627072126837692473209915583563053/10000000000000000000000000000000000000000000000000000000000000000000000000000000000000000000000000000000000000000000000000000000000000000000000000000000000000000000000000000000000000000000000000000000000000000000000000000000000000000000000000000000000000000000000000000000000000000000000000000000000000000000000
-6107572231083645555497095803576440581151929133659400159043609109122517303117246815692728313162655445770712764546347354073406556523300828062584848894558376687674933687002817327839548133357300971321666355595425224114951925496932131586807763254712592874785090667922040371911473696845231098807794014618629560162213/10000000000000000000000000000000000000000000000000000000000000000000000000000000000000000000000000000000000000000000000000000000000000000000000000000000000000000000000000000000000000000000000000000000000000000000000000000000000000000000000000000000000000000000000000000000000000000000000000000000000000000000000 -4362930045457960032140982460269246457688043803005208138629281009683878215613187193867050981503588648340702796622765753765861156336216035134505622608693338775285702114663674283245687452563831708528208653247058712234391829388976399028349178514827548269181044682536145570635595565859308802955613745749660880054879/10000000000000000000000000000000000000000000000000000000000000000000000000000000000000000000000000000000000000000000000000000000000000000000000000000000000000000000000000000000000000000000000000000000000000000000000000000000000000000000000000000000000000000000000000000000000000000000000000000000000000000000000

-1
2625668215094786643352336644398361090409913777196562126524907037546917924644039775943403614038779976777443340223485607807622580780856471282222749004655401529945451006960176597778828526178289946106012687735767662653158334269044205194047488680036371585604819353001776048426354445817981539807642743507151867575979/10000000000000000000000000000000000000000000000000000000000000000000000000000000000000000000000000000000000000000000000000000000000000000000000000000000000000000000000000000000000000000000000000000000000000000000000000000000000000000000000000000000000000000000000000000000000000000000000000000000000000000000000 43061682755782610420269217985505457506022686975422462969957582082965333531565547918629304191565986498539794687397940531272810150575483389987784128450063719636870050480893156051169086570827773235486518244424034101767075305173109528796019845706475014009912550205433779547847837191893185734609963147084592324951/78125000000000000000000000000000000000000000000000000000000000000000000000000000000000000000000000000000000000000000000000000000000000000000000000000000000000000000000000000000000000000000000000000000000000000000000000000000000000000000000000000000000000000000000000000000000000000000000000000000000000000000
0 0

0 0

0 0

