1                                                

0.118098565637914449324e0 -0.940555667298581735483e0
0.499464624019644214988e0 0.464044977125908215964e0
0.100000000000000000000e1 0.000000000000000000000e0
0.291868244581081058965e0 0.364593253307150238303e0
-0.102394120665489708841e0 -0.285872607313917427113e0
0.100000000000000000000e1 0.000000000000000000000e0
0.408078028963223063249e-1 -0.437405075437820961706e0
-0.786153987226974471341e0 0.537129803851522180473e-2
-0.265496213114443160245e0 -0.456771861400824674552e0
0.495250511317411066159e0 0.733168618877335142268e0

