1

0
-0.243629790283161462277984995618e-20 0.425033449123155244289349591335e-20
-0.417538418548269132667565926923e0 -0.553219472349896647700818148277e0
0.125695035322141131500371895357e0 -0.711811257215878506535542750505e-1
0.100000000000000000000000000000e1 0.000000000000000000000000000000e0
-0.272772503651130484896266060031e-1 0.206619146749865821027383105447e0
-0.874984614426877292454154769191e0 0.732862655229323832315511595216e-1
-0.384738434095573497357856614827e0 -0.449484513963905875773506918959e0
-0.395177298723386993180981717454e0 0.536151890515111482061265796223e0
-0.281223474101709525701986644998e0 -0.654806274113268194214246648777e0
0.100000000000000000000000000000e1 0.000000000000000000000000000000e0

