1                                                

0.696798640168635207088e0 0.274783670959307468472e0
-0.168926414511499112811e0 -0.949797713637749426449e0
0.548583416176681564977e0 -0.668281033068491357285e0
0.100000000000000000000e1 0.000000000000000000000e0
-0.247261388771691657194e0 0.537901521806941734652e0
-0.874984614426877292529e0 0.732862655229323832606e-1
-0.384738434095573497354e0 -0.449484513963905875795e0
-0.395177298723386993188e0 0.536151890515111482062e0
-0.281223474101709525679e0 -0.654806274113268194201e0
0.100000000000000000000e1 0.000000000000000000000e0

