1

0.258402999035888177655e0 -0.143693650895947983728e0
-0.746087997433753396362e-2 -0.445211381484169632502e-1
-0.645598867151652900504e0 -0.510259599359313003339e-1
0.100000000000000000000e1 0.000000000000000000000e0
0.361878723560103933790e0 0.217380697427927950936e0
0.100000000000000000000e1 0.000000000000000000000e0
0.191111067041090302131e0 0.227837792561635692340e-1
-0.392596541952301757600e0 -0.304133311922229690601e0
-0.157596177539370162191e0 0.929322386763015920180e-1
0.176353032969254520945e-1 -0.441414013612863380311e0
