1

0
0.8240160630704186133934867946292070401974e-19 -0.1199067682772242959291527420884882325405e-18
-0.4175384185482691330674349215390604849038e0 -0.5532194723498966481019427625894341462552e0
0.1256950353221411315193065381099844480647e0 -0.7118112572158785082512288601529313091088e-1
0.1000000000000000000000000000000000000000e1 0.0000000000000000000000000000000000000000e0
-0.2727725036511304840394118001932648646937e-1 0.2066191467498658212542623667327507049637e0
-0.2883189560812551302757556632014816505071e-19 0.4517623428778771889619076656714929210877e-19
-0.6729278469365936716960715110891547449475e0 0.2907475515201422079289098067867676949602e0
0.1276970726820114781645643376372821934773e0 -0.4430866639440685497679318302755005560408e0
0.1000000000000000000000000000000000000000e1 0.0000000000000000000000000000000000000000e0
0.4422676541246717933084769525127582470110e0 0.3884607942517093911370411344462285629977e0

