1                                                

0.105116995650696941280e0 -0.710581352861586315606e0
-0.263484699181825431693e0 -0.759699994201187091324e-1
-0.470742567386807975074e0 -0.462439781239002322116e0
0.100000000000000000000e1 0.000000000000000000000e0
0.357868004340726587323e0 0.252494305870094850220e0
0.100000000000000000000e1 0.000000000000000000000e0
-0.202035751358956359436e0 -0.185768126786053110162e0
-0.152840035587834829014e0 -0.336965345530904279817e0
0.228321347167541208596e0 0.104736628361771216017e0
0.240957515424606764562e0 -0.205827031061007778475e0

