1                                                

-0.359496020668432089789235057420e-20 0.109501514614835639058329127208e-19
0.100000000000000000000000000000e1 0.000000000000000000000000000000e0
0.224804924059300477274922626904e-1 -0.670089947845404837402412355850e0
0.730711111582224341331568031541e-1 0.729413823231372013212561939017e0
0.797800054693858296419319614125e0 -0.490915999209140419371398920315e0
0.579437183942655467101931192942e-19 0.114733141277307398351154273825e-18
0.737669806912933486542773597196e-19 -0.364869138762609796430335622452e-20
0.100000000000000000000000000000e1 0.000000000000000000000000000000e0
0.698942412432695122813109313761e-19 -0.828660076121315889375178562987e-20
-0.418964538402246317496722426287e0 -0.839780228903242572513864664722e0

