1                                                

-0.712268427267890138978e0 0.215428506547933581886e0
0.100000000000000000000e1 0.000000000000000000000e0
-0.237235163285591899479e0 -0.410822082570331988767e0
0.730711111582224341024e-1 0.729413823231372013029e0
0.228279270089597388811e0 -0.804108357324985945536e0
0.491370048037737677479e0 -0.846771784953541415493e0
-0.359104631265086642999e0 -0.187215260359681969795e-1
0.100000000000000000000e1 0.000000000000000000000e0
-0.188721962226568881977e0 0.266398115849811526000e0
-0.702845905569482435021e0 -0.477294247635275080166e0

