1                                                

0.592019647417038521596e0 -0.737756475313290629710e0
0.100000000000000000000e1 0.000000000000000000000e0
0.449559342728949418427e0 0.691671633183742965724e0
0.730711111582224340753e-1 0.729413823231372013029e0
0.431186444405468477254e-1 -0.372200505174862769593e0
0.100000000000000000000e1 0.000000000000000000000e0
-0.295023598638968488649e0 -0.602984002281928041945e0
0.181455091197964546256e0 -0.353393756738180728503e0
0.264244478037741174667e0 -0.726829324608705156082e0
-0.110275687885445872823e0 -0.413836352996403279963e0

