1                                                

0.303426109055158592105e0 -0.749515369342463825186e0
0.100000000000000000000e1 0.000000000000000000000e0
0.483521270637436088749e0 0.176038850386967787986e0
0.730711111582224340482e-1 0.729413823231372012920e0
-0.696669188606061136760e-1 -0.260829578251360549585e0
0.100000000000000000000e1 0.000000000000000000000e0
0.127397022287151671401e0 -0.766370053491978402540e0
-0.217461534190319511189e-1 -0.673073796038168012769e0
0.194061209136316367336e0 -0.580906678783795051154e0
-0.490642443200345240869e0 -0.780064490083233123588e-1

