1                                                

0.209531233681987145604e0 -0.187911232137684601102e-1
0.565909961702202283064e0 0.517626522086502102564e0
0.100000000000000000000e1 0.000000000000000000000e0
-0.524750247099960940038e-1 0.832583262868531196019e0
-0.343684256831807262135e0 -0.121194085283694530745e0
0.100000000000000000000e1 0.000000000000000000000e0
0.153101993799421300151e0 0.231040291031222420084e0
-0.688444164019654697027e0 -0.583931467723513425032e-1
0.293846612121875632936e0 -0.377694210144124827961e-1
-0.846564644181815408570e-1 0.618422540792780743362e0

