5
0
0
52
-1.140457210266973e+00 -1.820160453903286e+00
-9.657407295810930e-01 -5.413531372761887e-01
3.519053571401102e-01 -1.080915778699297e+00
-5.491484003639080e-17 4.930409379377831e-17
-4.742187453948138e-01 -4.954502238861028e-01
1.110223024625157e-16
6.435571505054319e+00
6.743608236581978e-16
9.765625000000001e-05
5.109864308712269e-13
0.000000000000000e+00
1
1
-1

2 0
2 5
-3991216679544050743342053538923362000363802659382823909210272433049964538987770511920003906943074848934973508479889698329645673874103233900008465068421202411062034555650742528975448565775902831305349021619459224018659285186735878892444138000093902888081494538112002466843827933893651897960464684259339527885129/10000000000000000000000000000000000000000000000000000000000000000000000000000000000000000000000000000000000000000000000000000000000000000000000000000000000000000000000000000000000000000000000000000000000000000000000000000000000000000000000000000000000000000000000000000000000000000000000000000000000000000000000 4649057879105541406404136536671557339070093284443032172129210804269198516764996409728670120362607383714024713682918318283194147542767612860206301308974467890136372548000808964728268177510775737304603869638316388315607444992554173896283256158775881344443460791290875833079894489960307593068431746152380064171753/5000000000000000000000000000000000000000000000000000000000000000000000000000000000000000000000000000000000000000000000000000000000000000000000000000000000000000000000000000000000000000000000000000000000000000000000000000000000000000000000000000000000000000000000000000000000000000000000000000000000000000000000
0 0
-739822364630492752967127214202190320828692996796455845071593975976627191875538095435068777494216364098062953776765720527107182475176137724192278230117466635540425639097605293788796584107048268953042704602122944447275077394174535576809050775339656912479899059578925742398477559017454660033436310268531208726737/1250000000000000000000000000000000000000000000000000000000000000000000000000000000000000000000000000000000000000000000000000000000000000000000000000000000000000000000000000000000000000000000000000000000000000000000000000000000000000000000000000000000000000000000000000000000000000000000000000000000000000000000 -8689941433340307162350028035417426948991929670060550191448486414551354053741927187246291900705854576134008527349971660768636389586853692650360774168892206320724416096692291791818796843028333395287988781919256168069273847063851620481107900486668552592854257181726080660244646791788330578511120184674203597718043/10000000000000000000000000000000000000000000000000000000000000000000000000000000000000000000000000000000000000000000000000000000000000000000000000000000000000000000000000000000000000000000000000000000000000000000000000000000000000000000000000000000000000000000000000000000000000000000000000000000000000000000000
0 0
0 0
0 0
-1329013353535290317390126855703204797599698168220432298433680732954995539134519951063284098762217305433160918455451112936867366967959368888633881074715752271497853963046337972171901324495487213208003211780929419689305679823017006559863861645770006752029518600803698070572956756629519201941188184266106879070251/2000000000000000000000000000000000000000000000000000000000000000000000000000000000000000000000000000000000000000000000000000000000000000000000000000000000000000000000000000000000000000000000000000000000000000000000000000000000000000000000000000000000000000000000000000000000000000000000000000000000000000000000 585222567302422311237218940765054379242798689633934668755808883079814939084106619280030068769143371301544471105600073399764068473612039312716548238783848822025251875153902534061768240713651176049600472190612825262468424253847221271684562754729923185329077983600738811094373977454148637885631407589578872552881/5000000000000000000000000000000000000000000000000000000000000000000000000000000000000000000000000000000000000000000000000000000000000000000000000000000000000000000000000000000000000000000000000000000000000000000000000000000000000000000000000000000000000000000000000000000000000000000000000000000000000000000000
0 0
-1206057800422033474238393709286561980029462709580651979716054733399082179567580686380951907117652171216136643438906564234840143861205014228459171506282565085689226934114066384463353638206139167020685476393538067506790107665036408695415811776466291433865710308091107298419296729024432445418323344753505597125411/2000000000000000000000000000000000000000000000000000000000000000000000000000000000000000000000000000000000000000000000000000000000000000000000000000000000000000000000000000000000000000000000000000000000000000000000000000000000000000000000000000000000000000000000000000000000000000000000000000000000000000000000 22622962632116278407187630277859647663672848054427728203555205059254168218659016297302786329258067635522078239069318874088191387508602720580320849419440535169717977567164396477401530638264371461353611839219370539992104658177317411571987603649923990759121929311778992278999818514511022479916102339949340171247/4000000000000000000000000000000000000000000000000000000000000000000000000000000000000000000000000000000000000000000000000000000000000000000000000000000000000000000000000000000000000000000000000000000000000000000000000000000000000000000000000000000000000000000000000000000000000000000000000000000000000000000000
-936462734931777874903308600584963250694777143054078029680424881236105005918060086596340608417974450615177097100517599981080551433806743195317962047945378550341992608898544054901163190179503910487507288517660094940117688144994283583140073077812456500262979167741814485347036551344961838016729682365727096019171/25000000000000000000000000000000000000000000000000000000000000000000000000000000000000000000000000000000000000000000000000000000000000000000000000000000000000000000000000000000000000000000000000000000000000000000000000000000000000000000000000000000000000000000000000000000000000000000000000000000000000000000000 8739932449080767422755977332108400158400690853757755993614864122814337208085354931774524164994545846718424072991477530680404688432260808546926489816113495712092873432840211090406643051027441079919990931235431047816524904316699951509009787372299992204692007628222499563464661983613584954926973875878951669727/15625000000000000000000000000000000000000000000000000000000000000000000000000000000000000000000000000000000000000000000000000000000000000000000000000000000000000000000000000000000000000000000000000000000000000000000000000000000000000000000000000000000000000000000000000000000000000000000000000000000000000000

-1
-2489267599524684105175613226594570836299563920745325613444344130168019485285817249399187318017110711356179272791405102694738831067505999237041362555811959367093341953539343587584536746165976186150835311052890696744234633909492371737604870007084906180375614969986507859833151422887497765774192533482806723990421/5000000000000000000000000000000000000000000000000000000000000000000000000000000000000000000000000000000000000000000000000000000000000000000000000000000000000000000000000000000000000000000000000000000000000000000000000000000000000000000000000000000000000000000000000000000000000000000000000000000000000000000000 -4616541933903156528312437014627132592850866497054855881293725886294707553464350542988046755367400514561386208428198955979296860046569082687792055085693687228368029418362617259791399041633979180455379552691372470577416101281911617493287145137524319761711066038608145911059207668100493407919451840820294061786881/5000000000000000000000000000000000000000000000000000000000000000000000000000000000000000000000000000000000000000000000000000000000000000000000000000000000000000000000000000000000000000000000000000000000000000000000000000000000000000000000000000000000000000000000000000000000000000000000000000000000000000000000
0 0

0 0

0 0

