1                                                

0.100000000000000000000e1 0.000000000000000000000e0
0.446167802124782775077e-20 0.219050126224728759275e-20
-0.537607665502011585786e-1 0.698288006558341516462e0
-0.640105811635493489849e-20 0.323088864596486836818e-20
0.261426509209876534423e0 -0.296519109945496162953e-1
-0.119828440487166048225e-1 -0.189741631579273592587e-1
0.593812982507298480535e-26 -0.609281489371800415027e-25
0.641983171742588230015e-24 -0.308230263530088006777e-23
0.292290078717018473119e-2 0.205854478889620978882e-1
0.100000000000000000000e1 0.000000000000000000000e0

