1                                                

0.611800600134535319603e0 -0.348090787761012927727e0
0.100000000000000000000e1 0.000000000000000000000e0
-0.162321054299901330187e0 0.512512188293693593739e0
0.730711111582224340482e-1 0.729413823231372012974e0
0.156654452845133066661e0 -0.176384892234085315752e0
0.100000000000000000000e1 0.000000000000000000000e0
0.701457486954610866822e0 0.605139181539479269266e0
0.126792261762824621520e0 -0.534354257715537399429e0
-0.468391040709579036081e0 0.436603491100518360449e0
0.129759044335374731574e0 -0.330667348940651676444e0

