1                                                

0.798792363867345567708e0 -0.266914024330343577847e0
0.100000000000000000000e1 0.000000000000000000000e0
0.908853640906603915802e-2 0.653133499114726633050e0
0.730711111582224340618e-1 0.729413823231372012974e0
0.128537196858793682997e0 -0.190962403615932097201e0
0.100000000000000000000e1 0.000000000000000000000e0
0.816869353359765726732e0 0.506542253478224628941e0
0.453499494253080800412e0 -0.372033450681125641286e0
-0.335257884204359378439e0 0.772501379579468230136e0
0.334930732145622857922e0 -0.345104768849179742375e0

