1

0.220529291253128708976e0 0.181530049570900298844e0
-0.679452174876204447644e0 -0.598129881887873387353e0
0.436297861611233668235e-1 0.264859459105747007334e0
0.100000000000000000000e1 0.000000000000000000000e0
0.458898365644893414950e-1 0.218567933273865592350e0
0.211153684948923871814e0 0.475426936228524613174e0
0.409684682106553803207e0 0.606146015513687312550e0
-0.910308429100682692226e-1 -0.105507760201073447092e0
0.100000000000000000000e1 0.000000000000000000000e0
0.151728974854464727560e-1 0.177591423984340759582e0
