1                                                

0.266612168885923491568e0 -0.225204210526722355855e0
-0.621593830193592700487e0 -0.715633182137219287704e0
0.136393653668336464844e0 -0.262412985032139360722e0
0.100000000000000000000e1 0.000000000000000000000e0
0.269296392052547723192e-1 0.326865103536343353001e0
0.249371790851388747303e-1 0.793757681860794214864e0
0.100000000000000000000e1 0.000000000000000000000e0
-0.405098383440728417612e0 0.316952790323155687385e0
0.143308765060287410126e0 0.392921198606368835378e0
-0.111904452331428426587e0 0.167340592220520909179e0

