1                                                

0.298184030699776565396e0 -0.161869583999479610094e0
-0.563817013751137495860e0 -0.707812071430165059183e0
0.768160685485646651724e-1 -0.336812435202638098898e0
0.100000000000000000000e1 0.000000000000000000000e0
0.295108887844857342897e-1 0.366369641167145516269e0
0.684032158080314447334e-1 0.510587287665930634225e0
0.100000000000000000000e1 0.000000000000000000000e0
-0.571379814857271725917e0 0.246260912772104964568e0
0.639328049032908446350e0 0.626248888387396555563e0
-0.203110512661121272554e0 0.479849936308572504298e0

