1

0.209531233681987145618e0 -0.187911232137684601017e-1
0.565909961702202283064e0 0.517626522086502102618e0
0.100000000000000000000e1 0.000000000000000000000e0
-0.524750247099960940444e-1 0.832583262868531196073e0
-0.343684256831807262108e0 -0.121194085283694530765e0
-0.878533653435979391684e0 -0.207688037808958280149e0
-0.865209492618530116219e-1 -0.234774123647412882575e0
0.100000000000000000000e1 0.000000000000000000000e0
-0.265998394636880311438e0 -0.278467188564489516003e-1
-0.600495386902183608824e0 0.624625061076853258272e0
