1                                                

0.337445838362263431077e0 -0.353495203546973641589e0
0.724919686501991804439e-1 -0.278671836632688012681e0
0.296275923564778882031e0 -0.278365708486779405632e0
0.100000000000000000000e1 0.000000000000000000000e0
0.331014047399505269098e-1 0.176887830990514588665e0
0.100000000000000000000e1 0.000000000000000000000e0
0.644124982681852237113e0 0.155213192230505920492e-1
-0.551631455668744483871e-1 -0.688479242148418659592e0
0.252651724763979337608e0 -0.170538235303397380367e0
-0.240524984077585482142e0 0.188803466826687703961e0

