1

0.624466968719237221956e0 -0.619727629980018186523e0
0.100000000000000000000e1 0.000000000000000000000e0
0.420483208834823187237e0 -0.323249010109430605234e0
0.482140123916490433164e0 0.601598079801268684804e0
-0.273493024718396259241e-1 0.326431990657804314910e-1
0.100000000000000000000e1 0.000000000000000000000e0
0.644124982681852236951e0 0.155213192230505920221e-1
-0.551631455668744484684e-1 -0.688479242148418659484e0
0.252651724763979337608e0 -0.170538235303397380340e0
-0.240524984077585482102e0 0.188803466826687703988e0
