1                                                

0.100000000000000000000e1 0.000000000000000000000e0
0.517740182905525429878e0 0.734460184588017386278e0
0.619613339050553168206e0 0.179562749544947850504e-1
0.234768238615647992159e0 0.596064653615351171885e0
-0.245991638366024859713e-3 0.796083401537365865555e-1
0.100000000000000000000e1 0.000000000000000000000e0
0.644124982681852237113e0 0.155213192230505919950e-1
-0.551631455668744484413e-1 -0.688479242148418659538e0
0.252651724763979337635e0 -0.170538235303397380408e0
-0.240524984077585482102e0 0.188803466826687703974e0

