10
0
0
96
0.432355428898469266080615543581e-20 0.549070144930981932791807069056e-20
0.144498642236938735574571984109e0 -0.540661511660417198300771761396e0
0.388237994226200413408677844921e0 0.310248404278938964774425975598e0
0.404924656643385494390682514750e0 0.658925696682767768024283622581e-1
-0.162789902502564617934148961584e0 -0.904828512464714791663926459835e-1
-0.125837295601232886521701559851e-18 0.213880331937916884273863013889e-18
0.101492415590162022584997515662e0 0.903528338336540571768236894076e0
0.535533252192242422554838978484e-20 0.662290975996751787836965652545e-19
-0.865423819988307929960079106246e0 -0.170597390823514384540642771690e0
-0.350982811377076398570532525420e-19 0.797842875517845994450956802047e-19
4.63871808013965e-19
1.694295982520985e+28
1.05656082335350e-25
2.38418579101563e-8
2.18280844744402e-17
1.000000000000000e-01
2
1
-1

2 0
2 10
-6766419226388126911565146037128451036328911280580256844740027708547407314671436271299415823616477066516119351017800226761191386260247681491288123584247122165796265997759227950847482528811649468495869865506239990772390186309386693183060715716463979566260743873832574165538007181358452977183045236263594999009219/10000000000000000000000000000000000000000000000000000000000000000000000000000000000000000000000000000000000000000000000000000000000000000000000000000000000000000000000000000000000000000000000000000000000000000000000000000000000000000000000000000000000000000000000000000000000000000000000000000000000000000000000 9400404962192324066088605561945157848897192709393966259679288066541153930465944647666953788800934859461154575472127347030635922180528650913252864200114323486155102132875372137398055118397564010837215190377415396777631825937805837008665510391481182157262249999018422723032291857199945626536735329311728069783/31250000000000000000000000000000000000000000000000000000000000000000000000000000000000000000000000000000000000000000000000000000000000000000000000000000000000000000000000000000000000000000000000000000000000000000000000000000000000000000000000000000000000000000000000000000000000000000000000000000000000000000
731105761770255186058480235606655370898892087882415729535152985664421555956959075193250940345366083481215987127192141267010848168951961338957152116643360544598656583607446521456728333864254592822827536044553763662573966720816817891225551085685318003037427835345168207021434792653273796795247537462821897197187/2000000000000000000000000000000000000000000000000000000000000000000000000000000000000000000000000000000000000000000000000000000000000000000000000000000000000000000000000000000000000000000000000000000000000000000000000000000000000000000000000000000000000000000000000000000000000000000000000000000000000000000000 9021625070657051979512395599777640417696803954605349383145692888510830357346695348902331837800551917539750949995003622285748654583923560924844650862486498703235216292463908207057297820388188950646788008907122244121127674097820184328525497024576015880380842765835430466511278325043087147512137149575974716198681/10000000000000000000000000000000000000000000000000000000000000000000000000000000000000000000000000000000000000000000000000000000000000000000000000000000000000000000000000000000000000000000000000000000000000000000000000000000000000000000000000000000000000000000000000000000000000000000000000000000000000000000000
1881674487227609925091894748301335890684828017309485292327436048862523949529748579926962307628000884633493909899960279165754084059537381631602252100299553270158975497333112460286290924995323869116556425461260115458578963213949440122240125963059596853291881687638331123307225813664944784077728656675244180433059/5000000000000000000000000000000000000000000000000000000000000000000000000000000000000000000000000000000000000000000000000000000000000000000000000000000000000000000000000000000000000000000000000000000000000000000000000000000000000000000000000000000000000000000000000000000000000000000000000000000000000000000000 -3842565351564633688452150222954525915280673647060269844906876279390681029201025113628572851189015604208462059932521673851981242604431972269462092380011006085229930894761431564210360524292489953393113702413594317368865969165611254427780490507441125106676741425194886407704853697646961289203556497435836741968253/10000000000000000000000000000000000000000000000000000000000000000000000000000000000000000000000000000000000000000000000000000000000000000000000000000000000000000000000000000000000000000000000000000000000000000000000000000000000000000000000000000000000000000000000000000000000000000000000000000000000000000000000
7626872143158290702831914500321374735212430377628902041938516118848393999061083422576338019234345936222709705361754720534535263273084500718018209128995780016783651423562873830414901268467300806881446568080370326099427236972725447742670146553090001881966557187983899901657359300487198129061777254853988744029971/10000000000000000000000000000000000000000000000000000000000000000000000000000000000000000000000000000000000000000000000000000000000000000000000000000000000000000000000000000000000000000000000000000000000000000000000000000000000000000000000000000000000000000000000000000000000000000000000000000000000000000000000 2510526182402430029223051070934214689994053408753963415648250056185001651070863563398075110848631173854018990739205840166723502102118950058643394167431192955168418874713283038431911893482000891814046662640548284676626101284266267697474359499617734592114238501307613244215797317595495584598066794650376593177231/5000000000000000000000000000000000000000000000000000000000000000000000000000000000000000000000000000000000000000000000000000000000000000000000000000000000000000000000000000000000000000000000000000000000000000000000000000000000000000000000000000000000000000000000000000000000000000000000000000000000000000000000
7845649930402176777429832211659921630459780099999552782022583388442236676216397853293951641300110441583448266187211110110478167639056738909567723766153642035050451982746376795471914280407461152471087406590130701421459015931424515994432562432533762295248795824223347058643008101333386151041487435712251389859423/10000000000000000000000000000000000000000000000000000000000000000000000000000000000000000000000000000000000000000000000000000000000000000000000000000000000000000000000000000000000000000000000000000000000000000000000000000000000000000000000000000000000000000000000000000000000000000000000000000000000000000000000 254548135845691877614315711647283608912001210345570350357798062550087587976606040669959689121945036737244955767262115262201672101752369685490650737610296760855076561432476580006607827535199874619857977130779015362743250967572938344863722241063142915461821521792260722095496508207928276175465532111493872928429/500000000000000000000000000000000000000000000000000000000000000000000000000000000000000000000000000000000000000000000000000000000000000000000000000000000000000000000000000000000000000000000000000000000000000000000000000000000000000000000000000000000000000000000000000000000000000000000000000000000000000000000
0 0
0 0
0 0
0 0
0 0
0 0
0 0
0 0
0 0
0 0
6710983289457093845503450657908200633691511734814441324740016034785807300579984192397856787977918769393919166042649687100102238402824739794376664041405732239229262917867943959392836590650713603457639681981341790297309443261133324748690057835048146285503323999029534504538212523430086087221485744700492282037551/100000000000000000000000000000000000000000000000000000000000000000000000000000000000000000000000000000000000000000000000000000000000000000000000000000000000000000000000000000000000000000000000000000000000000000000000000000000000000000000000000000000000000000000000000000000000000000000000000000000000000000000000 -4031243207764905421482823315844495959608454137349226078846913123778748167978409102055392186921501795564078856925182337261524412664084625187708044245338957386261216025010225279694661066373886276420637731718100398096663078389624078551864364751117885444712168382194616829557864772358939704914965407111738057056211/5000000000000000000000000000000000000000000000000000000000000000000000000000000000000000000000000000000000000000000000000000000000000000000000000000000000000000000000000000000000000000000000000000000000000000000000000000000000000000000000000000000000000000000000000000000000000000000000000000000000000000000000
-1341048902213961900785497008711694041242861944195812220118046385867680208513086271848092054635081859827826584665139375347498445563831819869259507239902304460148635689706243058064476705537815018779560943063790950586997201450208211020039753243451765723488876043481572488519229433945145709985988384735964749841973/5000000000000000000000000000000000000000000000000000000000000000000000000000000000000000000000000000000000000000000000000000000000000000000000000000000000000000000000000000000000000000000000000000000000000000000000000000000000000000000000000000000000000000000000000000000000000000000000000000000000000000000000 -6657994247929261947287110974300651287623258822097867237499451304593115330578624628964744260019912290187510642229809835925764951016961960041451052084604145309686908956648839351102787547305088515898307305270139967125576793047947834167892691928168073482962561251399530127797835794380526254277148242168984709959703/10000000000000000000000000000000000000000000000000000000000000000000000000000000000000000000000000000000000000000000000000000000000000000000000000000000000000000000000000000000000000000000000000000000000000000000000000000000000000000000000000000000000000000000000000000000000000000000000000000000000000000000000
-109394756864477671390458786489072840389214649131263487423050628890168088980318681738284151464338439605502586547439946042295863373254951777052089991002632230949923098214567381535258471961215811166626197382340166042968291532358895855614364172034765988336086885532875517699408643664071096910222100783191791329777/2000000000000000000000000000000000000000000000000000000000000000000000000000000000000000000000000000000000000000000000000000000000000000000000000000000000000000000000000000000000000000000000000000000000000000000000000000000000000000000000000000000000000000000000000000000000000000000000000000000000000000000000 -1683535667212760411650218282448011488565887989763968521082397641117520109662181591121082467842917095441651133516933272461635749649386921786742912517986931464551205622993776666334554933358968303828331906276347864921428208161535111761389984612153836726258230281756151803594503887300553920983521516348066968057539/5000000000000000000000000000000000000000000000000000000000000000000000000000000000000000000000000000000000000000000000000000000000000000000000000000000000000000000000000000000000000000000000000000000000000000000000000000000000000000000000000000000000000000000000000000000000000000000000000000000000000000000000
-1082791874435294869578336256150338890456467901079742370062400702556037172386833180338930870671560880808580715285195784485104780969678296196810692323893678399238845509671551646843960561440473188075349865319421385747264204743628368190041777928597414355763781289929568256572024018692777245541381661991894995741177/2000000000000000000000000000000000000000000000000000000000000000000000000000000000000000000000000000000000000000000000000000000000000000000000000000000000000000000000000000000000000000000000000000000000000000000000000000000000000000000000000000000000000000000000000000000000000000000000000000000000000000000000 -1256887029530896962894137189485394944220672162548344879140549210775939906615187953524186452828979380649163001966355664236703183122320665061762867522713666726858339915901013136265754589217675092423810529906534758220060884444831126850185916069719049484624192758768460648335578804912067226366745930984096209214951/5000000000000000000000000000000000000000000000000000000000000000000000000000000000000000000000000000000000000000000000000000000000000000000000000000000000000000000000000000000000000000000000000000000000000000000000000000000000000000000000000000000000000000000000000000000000000000000000000000000000000000000000
2243862696762340355033686749448826036994400055084562222159994521969970254721344056917382004361662529384777442393021147835834541359765518607048513746075152488451128329092330485279010254916030432695218186099844319200549450626940302177006968899680063299340039809936449327079145656576078205033972400927087530148681/10000000000000000000000000000000000000000000000000000000000000000000000000000000000000000000000000000000000000000000000000000000000000000000000000000000000000000000000000000000000000000000000000000000000000000000000000000000000000000000000000000000000000000000000000000000000000000000000000000000000000000000000 -4845656102298216983428605909248286640432619822100075087256129518349726757512171802620972293573496110579812580969031824271592327249966391266982414773187314449985062695926425049415392450219589086186233671570193400746024186267053925233082622165826309219403868726115558266283614028776245246152407083639761397555897/5000000000000000000000000000000000000000000000000000000000000000000000000000000000000000000000000000000000000000000000000000000000000000000000000000000000000000000000000000000000000000000000000000000000000000000000000000000000000000000000000000000000000000000000000000000000000000000000000000000000000000000000

-1
6855855139516389107886509859947936497386372128724118915113197963602963498845037204286605714151123885982986131830466775163664816191508837713590803932301357923021623967680509584728547045723926771774254450477508251438088458319142829750101304439899021444163719835679821077810064681211535719541010544104536301947619/100000000000000000000000000000000000000000000000000000000000000000000000000000000000000000000000000000000000000000000000000000000000000000000000000000000000000000000000000000000000000000000000000000000000000000000000000000000000000000000000000000000000000000000000000000000000000000000000000000000000000000000000 9793938396358561691341895608432686113808240321563425618831357555562886834056132856696910102885238081188475534498868235440698295807567232838789938203779917588448254977898686887740317446977621400906955663002379042264964525415066844423575903525562096965624627320080625817321497735046241816318145751930462832949613/10000000000000000000000000000000000000000000000000000000000000000000000000000000000000000000000000000000000000000000000000000000000000000000000000000000000000000000000000000000000000000000000000000000000000000000000000000000000000000000000000000000000000000000000000000000000000000000000000000000000000000000000
0 0

0 0

0 0

