1

0
-0.748372502223694891336488217728e-20 0.999690615478342635481139887997e-20
0.100000000000000000000000000000e1 0.000000000000000000000000000000e0
-0.356453983123127281188542034442e0 0.813346430850878543996852611058e0
0.730711111582224342695746687385e-1 0.729413823231372013236613398176e0
0.810922822080111487471066362152e-1 -0.322766876158040584478748042501e0
0.218317687728720285110505084673e-18 0.163796616902297063500751881733e-18
0.100000000000000000000000000000e1 0.000000000000000000000000000000e0
0.730446467033878831966403884184e-19 0.227789769352842607476127971625e-20
-0.292710801128752162664255477745e0 0.924947074987189976919843362915e0
0.828935836633529460154126728124e-19 0.481571516182148644454375589123e-19

