1                                                

-0.287093602428384890536e0 0.695007663253622422195e0
0.100000000000000000000e1 0.000000000000000000000e0
0.521595103616513187819e0 0.370060025948116644751e0
0.730711111582224340686e-1 0.729413823231372012920e0
-0.453373205175581562649e0 -0.206250103434076220965e0
0.100000000000000000000e1 0.000000000000000000000e0
-0.290267915923582259490e-1 0.897529809841779473579e0
0.883516896657820167597e-1 0.505372467670171779635e0
-0.113498502240934478504e0 0.516345910313932353374e0
0.282375797737453692129e0 0.122201265518367757569e-1

