1

-0.250705163976435984637e0 -0.793020034198656838991e0
0.100000000000000000000e1 0.000000000000000000000e0
0.716881767954350613171e0 -0.445519446315535498426e0
0.730711111582224340889e-1 0.729413823231372013029e0
-0.299916421929821683750e0 -0.193674317888060515744e0
0.100000000000000000000e1 0.000000000000000000000e0
0.373865213088583180068e0 -0.620955886449578394457e0
-0.483857783946188367140e0 0.124608615489872714136e0
-0.120462211170789370874e0 -0.929958722089311055025e0
0.470254467979165511476e0 0.380479584592911641676e0
