1

0
-0.892838031442873613882e0 0.308194701796746869102e0
0.100000000000000000000e1 0.000000000000000000000e0
-0.481300949183037386862e0 0.144491744765925616011e0
0.730711111582224341024e-1 0.729413823231372013137e0
-0.160648428083135534890e0 -0.210434469617812184425e0
0.100000000000000000000e1 0.000000000000000000000e0
-0.286018858409366345786e0 -0.168768839440591468829e0
-0.285365230171353934996e0 -0.692801178748339384524e0
0.142544675939998659477e0 0.124406799818653534183e0
0.393421061806703161595e0 -0.691387529632034907308e-1

