1                                                

0.100000000000000000000e1 0.000000000000000000000e0
-0.240673066744034280494e0 -0.337680957747082105449e0
0.780805564950647999572e0 -0.319694005727670812990e0
-0.434392886122038232371e0 0.635516650588277723735e0
-0.265862013395501610875e0 0.292642165807046372272e0
0.100000000000000000000e1 0.000000000000000000000e0
-0.184468537638868726827e0 -0.150416005180491401302e0
-0.151092449862171827917e0 -0.454137500053276750334e0
0.156580879539000600325e0 0.513462382554117986296e-1
0.245695267508360780257e0 -0.189149819867007839939e0

