1

0.100000000000000000000e1 0.000000000000000000000e0
0.126983577777441041159e-22 -0.724060159641089095422e-23
-0.203460843702355771378e0 -0.911862216883482855833e0
0.700649643776274579652e-23 0.862793683898683906614e-23
0.140869368500870039904e0 0.533557690708442176441e0
0.100000000000000000000e1 0.000000000000000000000e0
0.109166285094859568883e-22 -0.170474488691726699009e-23
-0.170324471675058122269e-23 -0.295407192082554020063e-23
-0.134635164948723136174e0 -0.708812468406957834450e0
-0.377979966385450606020e0 -0.262710333248364044347e0
