1

0
-0.121845685989178368643257441738e-17 0.550201159088746255616156194840e-19
-0.417538418548269133652314858857e0 -0.553219472349896649601627462300e0
0.125695035322141130724495841656e0 -0.711811257215878503744473533937e-1
0.100000000000000000000000000000e1 0.000000000000000000000000000000e0
-0.272772503651130486561113862698e-1 0.206619146749865821066945452828e0
0.100000000000000000000000000000e1 0.000000000000000000000000000000e0
0.682532796480768057057347707796e0 -0.193200734364532217974980014814e-1
0.168519592625643028466557469343e-1 -0.559164048400265358912112839367e0
0.196531579142475544181791219209e0 -0.309493117885938939436019154977e0
-0.252862927174309214880575482357e0 0.974830524525534736622794736030e-1

