1                                                

0.100000000000000000000e1 0.000000000000000000000e0
0.444751569177217161789e0 0.622207218187969369235e0
0.888042666142511024263e0 -0.246090716546808078812e0
0.683353845487663933539e0 0.679398606260227764912e0
-0.103899080551490531960e0 0.209988333313489227577e0
0.100000000000000000000e1 0.000000000000000000000e0
0.682532796480768057072e0 -0.193200734364532218835e-1
0.168519592625643028605e-1 -0.559164048400265358896e0
0.196531579142475544127e0 -0.309493117885938939489e0
-0.252862927174309214877e0 0.974830524525534736544e-1

