1                                                

0.100000000000000000000e1 0.000000000000000000000e0
0.458677443356613935571e0 0.709772832375150270552e0
0.636854439471361985666e0 0.404803293194101546077e0
-0.136392514430122133726e0 0.872282718472411289332e0
-0.228598349418520330936e-1 -0.577521675912758308117e-1
0.852485866593238361493e0 0.735661007294803637890e-1
0.100000000000000000000e1 0.000000000000000000000e0
-0.339539430242683979290e0 -0.360103465964369609992e0
0.612255722472090141233e0 -0.358258450883598773704e0
-0.102613474897659429276e0 0.312109966202342689113e0

