1                                                

0.382386176191508565835e0 -0.106658457810039440024e0
-0.372375437958661619322e0 -0.566734332439743473400e0
0.304296895117682354958e-1 -0.527392647931251988124e0
0.100000000000000000000e1 0.000000000000000000000e0
0.378673081387164191247e-1 0.425037620122611402144e0
0.174618967852678899928e0 -0.338385917641705534346e0
0.492811601313243316702e-1 0.122490492229519922176e0
-0.851868297302729363001e-2 -0.598567948660383748754e-1
0.100000000000000000000e1 0.000000000000000000000e0
-0.115711371142856177474e0 0.412591271985391007745e0

