10
0
0
64
0.206173336139537868687e0 -0.242421203386716182143e0
-0.501654724102465196913e0 -0.209420555590653829938e0
-0.216410596129917694259e0 -0.364011914481016358644e0
0.664322871444523756581e0 -0.448670901598131700020e0
0.215858131110122938428e0 0.265372252988107732124e0
0.274413639802299152840e0 0.645211370582790879031e-2
-0.638520362485382152117e-1 0.705788136014234169374e-1
0.361111758962865280376e-1 -0.244015361954489506613e-1
0.315417429687163889486e0 0.648182333698123387070e0
-0.303931756810425064669e0 0.551364119382033727135e-1
5.58785009585234e-20
5.765509867728048e+01
9.45131703278077e-20
2.44140625000000e-5
2.33952892074799e-19
1.000000000000000e-01
1
1
-1

2 0
2 10
-78241942515798973613047567310808165190496761247767910320427205988580146974955047487875016452511851997566505500147785149974625855514025096516468078050325995594864793443982733468128621734971084366963627739609267101259669878240805152842156129195241565928830385049039804550250042718988100021979992655719181713359/80000000000000000000000000000000000000000000000000000000000000000000000000000000000000000000000000000000000000000000000000000000000000000000000000000000000000000000000000000000000000000000000000000000000000000000000000000000000000000000000000000000000000000000000000000000000000000000000000000000000000000000 3325783359728932015192963042628547617588851006500006049476016546791178461117381372707158275978624514318622561404837542371372094895094440685787422051199122622583734143301807216912163414437724774400367370605747487469502649091886308067374557172667617533791040572949712525339287883477805435004902822771414885097891/100000000000000000000000000000000000000000000000000000000000000000000000000000000000000000000000000000000000000000000000000000000000000000000000000000000000000000000000000000000000000000000000000000000000000000000000000000000000000000000000000000000000000000000000000000000000000000000000000000000000000000000000
-8070854245953143477137064493005121793715944339059160436304243821409692189663891017482932669156530107720594510141128604043006445578287017888251466146839522280866490699783835840075164569711974553277680124411727088337130469953887876612636293078616957733458323241484298143338296345393476824950069502879219047388931/10000000000000000000000000000000000000000000000000000000000000000000000000000000000000000000000000000000000000000000000000000000000000000000000000000000000000000000000000000000000000000000000000000000000000000000000000000000000000000000000000000000000000000000000000000000000000000000000000000000000000000000000 -243193046927263184292788150784475668534866605100912098729868481262474131864662581067701556037207843660585898287113456149217311232460478954023865834370227540596507486189879996675171268890534592762829961624778641926381749587377112001618021674945820469218874946642973252435204341628651378062370341710037241407811/12500000000000000000000000000000000000000000000000000000000000000000000000000000000000000000000000000000000000000000000000000000000000000000000000000000000000000000000000000000000000000000000000000000000000000000000000000000000000000000000000000000000000000000000000000000000000000000000000000000000000000000000
-665663706459713336469836758049632388544359156745189368577611180021278822410567457768513719283782815286444083444694658692719830788085072312156573794258436869621556309752151243835911101716448241664384556126419228439425151416586119349869313822595400042129785308190411361031412059655142572527320710213065606255631/2500000000000000000000000000000000000000000000000000000000000000000000000000000000000000000000000000000000000000000000000000000000000000000000000000000000000000000000000000000000000000000000000000000000000000000000000000000000000000000000000000000000000000000000000000000000000000000000000000000000000000000000 -6522908530382352601237663463814608614418707171553677857987942473782139027585116113630116203179567987599432986884452715413160074905566649012649517868253746556235799658773842961499544682871502284986922019660800162392299445744091250487491559057137636309388426251404715904578453315115630536050422119589371471143451/100000000000000000000000000000000000000000000000000000000000000000000000000000000000000000000000000000000000000000000000000000000000000000000000000000000000000000000000000000000000000000000000000000000000000000000000000000000000000000000000000000000000000000000000000000000000000000000000000000000000000000000000
1140088155362862617101743452724200104129027049835787361274552647954309098597061292586657379676279267057895496754865841092822563045268641078747125989736600463626783121228469665350667382164313718219784864858678529478829296957492267037512437249571332729393728673131542746979371890672920686326815423051279101407959/1250000000000000000000000000000000000000000000000000000000000000000000000000000000000000000000000000000000000000000000000000000000000000000000000000000000000000000000000000000000000000000000000000000000000000000000000000000000000000000000000000000000000000000000000000000000000000000000000000000000000000000000 -8024448495972624135643460797784502414887841991224770602410137276128462633540243604051240624200973627862564751256468201499915693575267110491798508573664393925211259914270987204410386254340056264662261980343099879786413810378803527435914040766164534388273513802755407344772328975045477939140079099743114760202991/100000000000000000000000000000000000000000000000000000000000000000000000000000000000000000000000000000000000000000000000000000000000000000000000000000000000000000000000000000000000000000000000000000000000000000000000000000000000000000000000000000000000000000000000000000000000000000000000000000000000000000000000
1870618673686835617918971778119597658856383781353813663396445666855852259678695603322173215344380570537304103143933754228863807007654148474979178228610151667072025154804081307628462103827559693897579157373911116285897993176238750180884850028688106526072347897077003865522005620629678155924766231449596721835743/10000000000000000000000000000000000000000000000000000000000000000000000000000000000000000000000000000000000000000000000000000000000000000000000000000000000000000000000000000000000000000000000000000000000000000000000000000000000000000000000000000000000000000000000000000000000000000000000000000000000000000000000 -2800085542596094259298790434076896124960595574043986576070552173616160856480423877664881070714596277417826504889904774889784100591470275471228664254099134650109046497640429061203985513234650676422796684222851030497491712958545027830585365539537794331019287413250395820074991050096952310568227406423243546292381/5000000000000000000000000000000000000000000000000000000000000000000000000000000000000000000000000000000000000000000000000000000000000000000000000000000000000000000000000000000000000000000000000000000000000000000000000000000000000000000000000000000000000000000000000000000000000000000000000000000000000000000000
0 0
0 0
0 0
0 0
0 0
0 0
0 0
0 0
0 0
0 0
7762280276869717877299471024185168909494369677732631247062256827980798041151786627086959865487298910396980757532073347237909656534762336284164894338156486279005002320188612159527632536011243748384911120459233501379688823238237998102043852435594205185298834940906976540414484493591109187750351314379722531119933/10000000000000000000000000000000000000000000000000000000000000000000000000000000000000000000000000000000000000000000000000000000000000000000000000000000000000000000000000000000000000000000000000000000000000000000000000000000000000000000000000000000000000000000000000000000000000000000000000000000000000000000000 -3232301929430253195814387754209409668153651842009564302812755666749345549759881402267114527930771602903721351888957125315053084920013101176394328801776496331614832340189237455168813343504712275473372857213500567269998546117780992730939893291985435935288370795170079477193294965017961204813829952990032574779097/10000000000000000000000000000000000000000000000000000000000000000000000000000000000000000000000000000000000000000000000000000000000000000000000000000000000000000000000000000000000000000000000000000000000000000000000000000000000000000000000000000000000000000000000000000000000000000000000000000000000000000000000
-9307593737569002159097620004677080060926695347967890412977199933416888997449898561995206136157239067940606938196867003515137367627274860490935636677765884814217277625515373807309375787721939667723331516518729386459959968756225682377752997082372203349001651991520585098933794053349790846658281163298260122926131/10000000000000000000000000000000000000000000000000000000000000000000000000000000000000000000000000000000000000000000000000000000000000000000000000000000000000000000000000000000000000000000000000000000000000000000000000000000000000000000000000000000000000000000000000000000000000000000000000000000000000000000000 -1788434673702713142092600273221905217978678037185717182523811803729098917169362334524424301748347257907796448412420377824014434537778776374965047079049413018318385221518658459937856991789623704911686074965131252056958337061271197208804212274943632806801950884623130356386628803788647005943864636469282985615591/25000000000000000000000000000000000000000000000000000000000000000000000000000000000000000000000000000000000000000000000000000000000000000000000000000000000000000000000000000000000000000000000000000000000000000000000000000000000000000000000000000000000000000000000000000000000000000000000000000000000000000000000
2971297091990397642394177865700051666482721671297313410875482065164266281014559139122919956149553490932891897977582277657723349773940861119936584728806142444299421724762395174404260943761331927164321044159616358792327493505800871945198340470141977725156801549279990257891420394529860979470691227970725510228211/5000000000000000000000000000000000000000000000000000000000000000000000000000000000000000000000000000000000000000000000000000000000000000000000000000000000000000000000000000000000000000000000000000000000000000000000000000000000000000000000000000000000000000000000000000000000000000000000000000000000000000000000 -8724716375574501680315849118574126942244781590771958714023236206327956837564904992559167511860504352796591600682299305613872289066833799142964172705622344364372922182949691994602662871466648056886189412220227005658509815842193492536257292416438739397770505627668729329032792833854563948600085519771538311602441/10000000000000000000000000000000000000000000000000000000000000000000000000000000000000000000000000000000000000000000000000000000000000000000000000000000000000000000000000000000000000000000000000000000000000000000000000000000000000000000000000000000000000000000000000000000000000000000000000000000000000000000000
3945714398617912801083618655918684073556181902503164137624404409262359780326904557028611908955219913885488995130384459941694081735059041277668626079977219587902047272813949657886401258419536840754961756915339482878833762514712208191388166205158234775860034336619271249668122253243595196510115711451134857654671/10000000000000000000000000000000000000000000000000000000000000000000000000000000000000000000000000000000000000000000000000000000000000000000000000000000000000000000000000000000000000000000000000000000000000000000000000000000000000000000000000000000000000000000000000000000000000000000000000000000000000000000000 -2182522535593201158856102912821506878881356753851164105265821556094313787603030392238137122351262305079659284392168524438745495962232145480941017728880111656256951568814835459726920433077707698461200680948717529344598194585396689842750805853608135193472446827029785672123496275472754641846475782676345107020349/5000000000000000000000000000000000000000000000000000000000000000000000000000000000000000000000000000000000000000000000000000000000000000000000000000000000000000000000000000000000000000000000000000000000000000000000000000000000000000000000000000000000000000000000000000000000000000000000000000000000000000000000
-954565818261132571890436940601623482789955971818105055360637395580237255560117136171543493621744074635980001278641889410740765097880421382213609117451666797526947716690101971765673647916354663742438024906503466114457220679189567601250196362804676564377759454884000226981750558390753101748035156520534878846663/1000000000000000000000000000000000000000000000000000000000000000000000000000000000000000000000000000000000000000000000000000000000000000000000000000000000000000000000000000000000000000000000000000000000000000000000000000000000000000000000000000000000000000000000000000000000000000000000000000000000000000000000 -4125254784766724761848165343025140685421249335325314945219100125675055484652015694308746665509655108391886646828953778532490115793619172633678849692371374499240248430945288967624502563183357840695261508686165113119510008536399078761031200543393319015996454304886269384679346753292121949908973590131222068184227/10000000000000000000000000000000000000000000000000000000000000000000000000000000000000000000000000000000000000000000000000000000000000000000000000000000000000000000000000000000000000000000000000000000000000000000000000000000000000000000000000000000000000000000000000000000000000000000000000000000000000000000000

-1
17461844024060260744585057557183255828839204967824837763324392390782595738625834141891694060616400032381979515962235667930588451838695881418958051770861676633004335821091166398461125194612642560129528562969373725634771250342357145251815283160198837106792459366403331334771482190598174729374913551792315959253/20000000000000000000000000000000000000000000000000000000000000000000000000000000000000000000000000000000000000000000000000000000000000000000000000000000000000000000000000000000000000000000000000000000000000000000000000000000000000000000000000000000000000000000000000000000000000000000000000000000000000000000 7329304485910009031977801495130080791865339531714750255182825074340853974254625109978357772623180598529756730839814260877976990599411810389572801157931807471710881361135003916503999486206287824796422830233622178418756664005357478756430631795247185350264147519762611806976251559528637157370295185602854296519143/10000000000000000000000000000000000000000000000000000000000000000000000000000000000000000000000000000000000000000000000000000000000000000000000000000000000000000000000000000000000000000000000000000000000000000000000000000000000000000000000000000000000000000000000000000000000000000000000000000000000000000000000
0 0

0 0

0 0

