1                                                

0.391686196004521230675e0 -0.185727785044008635306e0
-0.215038972139915056939e0 -0.659404069473837434526e0
-0.676960643874743873678e-1 -0.547790520284782868690e0
0.100000000000000000000e1 0.000000000000000000000e0
0.631536117336575459025e-1 0.412749834063216066240e0
0.587051430580110398909e0 -0.165969572822539909542e0
0.231178550782474538804e0 0.509273697060962213105e0
0.216032990330502913101e0 -0.154066464129898183667e0
0.100000000000000000000e1 0.000000000000000000000e0
-0.438212843908382673096e0 0.712117661402036832366e-1

