1

0
-0.4599286068379391101419561041385995567554e-19 -0.4280097324348307163124947358340025638493e-19
-0.4175384185482691328968000914099721781266e0 -0.5532194723498966478844036567099372096460e0
0.1256950353221411316629013782758881746373e0 -0.7118112572158785075155014897889785158010e-1
0.1000000000000000000000000000000000000000e1 0.0000000000000000000000000000000000000000e0
-0.2727725036511304856442271930985480144101e-1 0.2066191467498658211259005889024822158876e0
-0.1030630697378322546248836641758858539214e-17 -0.6674506100060314517570573623369059379834e-18
-0.5174539211434028415134150906529508370607e-19 0.5697999114957783122420083546004850088348e-18
0.1000000000000000000000000000000000000000e1 0.0000000000000000000000000000000000000000e0
0.2401161485385402969480544603929871346847e-18 0.7472141360228543654368902159905241520071e-19
-0.6584897149300662864427927275453625451367e0 0.1192553383589636382094585747963255478223e0

