1                                                

0.100000000000000000000e1 0.000000000000000000000e0
-0.458272350288171971718e0 -0.787815465616348262017e0
0.525786691898866881032e0 -0.116731918915584307789e0
0.371070620334033715072e0 0.357576526422617226161e0
-0.119161752475921398349e0 0.368216664785647818342e0
0.100000000000000000000e1 0.000000000000000000000e0
-0.221622888979096362982e0 -0.203855582948144339604e0
-0.461380721650924971249e-1 -0.646553262287894922047e0
0.100610164185722735221e0 0.600424591497552581955e-1
0.228989622402943211805e0 -0.571475118437743112870e-1

