1

0
0.613800573181555681746102867267e-19 -0.679034977378878780528417936735e-19
0.100000000000000000000000000000e1 0.000000000000000000000000000000e0
0.548011893499738481229902982868e0 -0.905686873070268813796582453964e-1
-0.156947014438634045761551961763e0 0.819107750894472400247541357796e0
-0.350248458339851920607061773233e0 -0.127430033374245882374582902728e0
-0.224723840606674709946923094946e-18 0.566735999242128808414069770107e-19
0.661298250120602758185427265516e-20 0.461688355960444158799047050213e-19
0.100000000000000000000000000000e1 0.000000000000000000000000000000e0
0.271508285018448824639507720126e-19 0.418573091523792923564871008857e-19
-0.418964538402246317743934601768e0 -0.839780228903242572607175072226e0

