1                                                

0.251037839064192119348e0 -0.183082552958655632883e0
-0.680120135473870150917e0 -0.656543907884346969559e0
0.193645935576512955289e0 -0.276594471620209185231e0
0.100000000000000000000e1 0.000000000000000000000e0
0.725824959703454320641e-2 0.334847302086549033497e0
-0.183256973251396964683e0 -0.633647227292020205928e0
-0.132572515844032311517e0 0.340866056087963072298e0
0.100000000000000000000e1 0.000000000000000000000e0
-0.124867220506088181922e0 -0.104094116603581775728e0
0.389818602222499238435e0 0.145074236982081497215e0

