10
0
0
96
-0.221766453749666016005252088229e-20 -0.948523727373659979647457670044e-21
-0.709935340724755411376787110930e-21 0.389341378621108391523187158275e-21
-0.994576895721329022570305196903e0 0.191000319563035078221812952039e1
0.137925787808766591517760428118e-20 -0.734934248223397102788847785196e-21
-0.133511676270359822126103344323e1 -0.280546783865960947952224276767e1
0.131770940148051242586137126958e1 -0.542649166725842962467635149828e0
0.286710202532759816668879240006e0 -0.408295652360904365871588295559e0
0.140996672714515867006943462594e0 0.658282420865087328654825142356e0
-0.109590786175773665647378694311e1 -0.500522545034540732543633567846e0
-0.539476283224461128536219048063e0 -0.142245596092246750390738302163e1
3.45564575754645e-20
1.779519435103268e+28
2.20293046471626e-25
6.10351562500000e-6
1.33508037479089e-17
1.000000000000000e-01
1
1
-1

2 0
2 10
859642376475685705334798586100291587373691318388814858781645812466849404183987923531908226110678024638649409727673765733223453279120600606522225657038055320993383145885545490546323432819469498850678503297364885828581767669909534485237221585551376873780855835659566379251692872229127120024696065092343534511151/2500000000000000000000000000000000000000000000000000000000000000000000000000000000000000000000000000000000000000000000000000000000000000000000000000000000000000000000000000000000000000000000000000000000000000000000000000000000000000000000000000000000000000000000000000000000000000000000000000000000000000000000 -2301434409486422472180607531361289154702658455375320269834519221002599784533917297925730089461981756687876413132693865293452638678254921256554000578062233497726724140442755492099867051606437472938083669663169973757203657649346480491866209826065832619559451084251287464978682859504501802441704188923498841884623/2500000000000000000000000000000000000000000000000000000000000000000000000000000000000000000000000000000000000000000000000000000000000000000000000000000000000000000000000000000000000000000000000000000000000000000000000000000000000000000000000000000000000000000000000000000000000000000000000000000000000000000000
1887313239775213732909646257266334310776926729802262487812103451388565215547955453299537864787731557424754170151141846290646308978780437407066600036036749136994553991215921509738249910249521073591700212658932962094355472439613449847619811202275779707493882991369105535079999044599341725827631220470431313264557/2500000000000000000000000000000000000000000000000000000000000000000000000000000000000000000000000000000000000000000000000000000000000000000000000000000000000000000000000000000000000000000000000000000000000000000000000000000000000000000000000000000000000000000000000000000000000000000000000000000000000000000000 -1412199893088851704071035032540463477511863648487530135483707637516687499826245016539586725222768152074558108219162335924032755788541872306920332314359562650193919969272659184136617368640678941859100712750138460584556255106376617435702599940017109883164118850094921995904846353081539986541248889555544696377741/5000000000000000000000000000000000000000000000000000000000000000000000000000000000000000000000000000000000000000000000000000000000000000000000000000000000000000000000000000000000000000000000000000000000000000000000000000000000000000000000000000000000000000000000000000000000000000000000000000000000000000000000
9445244754344178830426346285405398413269045600857953822586414314397665917580369482166159613160864146427442427161185077474846194616606452521359550617090599945141996854710390445459769739252533509685578678441008853486505786634753205174167908252061224421838177780344926786904767129337064366396238646880813643385101/10000000000000000000000000000000000000000000000000000000000000000000000000000000000000000000000000000000000000000000000000000000000000000000000000000000000000000000000000000000000000000000000000000000000000000000000000000000000000000000000000000000000000000000000000000000000000000000000000000000000000000000000 -3758655302489047997341858847142956578446573799815986339112590037974819735176049272126632566824206414458681243596998086139226994742392513075582859392466787656567747684386743465406590213834640634435647244853895749094365426715388359874679562477278174516839323542952471107820856773373532085653621385893004363545457/100000000000000000000000000000000000000000000000000000000000000000000000000000000000000000000000000000000000000000000000000000000000000000000000000000000000000000000000000000000000000000000000000000000000000000000000000000000000000000000000000000000000000000000000000000000000000000000000000000000000000000000000
996496528521090995726550830773288575928477941346085561071143231692379212667022476940341040745697793626363244307758680917765231745742078698735778763871648493265024339094915527320771791275139756950301824759164190454633015275558683603861654180994831155296634499812071415677792976244076423753044906138083213878113/1250000000000000000000000000000000000000000000000000000000000000000000000000000000000000000000000000000000000000000000000000000000000000000000000000000000000000000000000000000000000000000000000000000000000000000000000000000000000000000000000000000000000000000000000000000000000000000000000000000000000000000000 1304074885711344813752675921060743626823891930379105735869243071978183713622075639700003115151049304313521271369151862519464548786611768761709842881180802562586798410905685340985575820932106384844012766308326364657882912509303781809077905261467592800482253580131617006123437723803875189986365222105964136403521/2000000000000000000000000000000000000000000000000000000000000000000000000000000000000000000000000000000000000000000000000000000000000000000000000000000000000000000000000000000000000000000000000000000000000000000000000000000000000000000000000000000000000000000000000000000000000000000000000000000000000000000000
110744188584605924012190270138492401180996672718824567738962115442696173212651265470814580725070272089574745831292937490642581859205925714858699160089702744445841699035984960556795806040921699481770533371140852934190885040438530025893947732229038473151339661769122712386488862137202678656806729348708454590463/400000000000000000000000000000000000000000000000000000000000000000000000000000000000000000000000000000000000000000000000000000000000000000000000000000000000000000000000000000000000000000000000000000000000000000000000000000000000000000000000000000000000000000000000000000000000000000000000000000000000000000000 49841349316788753872279145339069907863527785884577263912245216559236973104228177074899238324214805320985251945173006839190539398569755069135806930794197640819176008927285044860527671647748779307284014884776419436290103907089015829217339620089267085411441908087925868176976167873318250052987778339236823233491/62500000000000000000000000000000000000000000000000000000000000000000000000000000000000000000000000000000000000000000000000000000000000000000000000000000000000000000000000000000000000000000000000000000000000000000000000000000000000000000000000000000000000000000000000000000000000000000000000000000000000000000
0 0
0 0
0 0
0 0
0 0
0 0
0 0
0 0
0 0
0 0
8523641528026640946831162244328675694096876321659041146574057434942054396438566866035192941422596381452710272672860794383052422443318446961272899282718573584366660292111654766943325751893522067435017683769589755479381711500676658794092622058001096600120570931996530630248811704153580823061008253738436396919477/10000000000000000000000000000000000000000000000000000000000000000000000000000000000000000000000000000000000000000000000000000000000000000000000000000000000000000000000000000000000000000000000000000000000000000000000000000000000000000000000000000000000000000000000000000000000000000000000000000000000000000000000 395429815246468466688506976283723572438349370671763425126803445315100644251706200153209369610907429682337024105606798690060660596364763792457413182466274435199224642361558533815905657043385241127747558529236438297218393973018235447280092668109127197838901650900872406684956848343047298693367298989976970788829/500000000000000000000000000000000000000000000000000000000000000000000000000000000000000000000000000000000000000000000000000000000000000000000000000000000000000000000000000000000000000000000000000000000000000000000000000000000000000000000000000000000000000000000000000000000000000000000000000000000000000000000
3663875632783122270726332098819040544595428015153706951107569354918725507466797139589102587831190184438435819579064346099385794062641652535601012380053513606706002909599413628153894082049097420290251031317503429501004156582808779188747677164179885334182905952214737885059473353574582448488574593894767229492183/5000000000000000000000000000000000000000000000000000000000000000000000000000000000000000000000000000000000000000000000000000000000000000000000000000000000000000000000000000000000000000000000000000000000000000000000000000000000000000000000000000000000000000000000000000000000000000000000000000000000000000000000 4134678046199661410246435346684666831173426898614608641236834429151568274113883128337794424541613187668293696560415579128164599517738216709387459613148384896364227445125996486862981958124799137441427069461155085576934754707533988026215079498315952139574786916606126330898541314742244363697103051711105557153503/5000000000000000000000000000000000000000000000000000000000000000000000000000000000000000000000000000000000000000000000000000000000000000000000000000000000000000000000000000000000000000000000000000000000000000000000000000000000000000000000000000000000000000000000000000000000000000000000000000000000000000000000
8450963832677019705446107981657890914463613757760224162099866035140941669029261151378501399435637254933693473362728211660512458928671924068566615005304159955986091267217815360973507345889937058585225346443459971156733162137897472082713381002145246202639506209492412706320829950198553853428452418868081051782699/10000000000000000000000000000000000000000000000000000000000000000000000000000000000000000000000000000000000000000000000000000000000000000000000000000000000000000000000000000000000000000000000000000000000000000000000000000000000000000000000000000000000000000000000000000000000000000000000000000000000000000000000 2038212559021917534251354172990947030211044386662630165605077294212555604863917339175969962843285699882886960455375642231481064207699880373344624926623857589450040969267488804779574266212336969646578183833643596735309224645974202135505119722864286749717589504697190054141293002374623718244288334428152234659001/10000000000000000000000000000000000000000000000000000000000000000000000000000000000000000000000000000000000000000000000000000000000000000000000000000000000000000000000000000000000000000000000000000000000000000000000000000000000000000000000000000000000000000000000000000000000000000000000000000000000000000000000
1616188881898849071745699356044910076390691088335614585931654219867218564475116722144312408831190855110595241759885651736246873807626795422064234835013553646647254311355630144910663657782222999569821943195195078937470197491864962968654638600568134847820696471820468389115842254148494137640771378988546823346399/2000000000000000000000000000000000000000000000000000000000000000000000000000000000000000000000000000000000000000000000000000000000000000000000000000000000000000000000000000000000000000000000000000000000000000000000000000000000000000000000000000000000000000000000000000000000000000000000000000000000000000000000 -6825629884324628616347671179650810059689105084718285552469413658584415649750099264985685184649954105771999310289624981441557127391533228205072507477468297940087777479073911688404896150556325798188434696636018806206378872435706381882038448368140569836192583126262033725677088133803929809229571383696977537418581/10000000000000000000000000000000000000000000000000000000000000000000000000000000000000000000000000000000000000000000000000000000000000000000000000000000000000000000000000000000000000000000000000000000000000000000000000000000000000000000000000000000000000000000000000000000000000000000000000000000000000000000000
4278182887025348947311799111072451338389578287047837766784684426069677344489717425559309110196527793137860598131592178525214040762141241666584518089232620715599941197927679380357833206095372013569206062841145528481308019021417177231116208232524118067522704615363701048896491020447303745670068387050316954545353/5000000000000000000000000000000000000000000000000000000000000000000000000000000000000000000000000000000000000000000000000000000000000000000000000000000000000000000000000000000000000000000000000000000000000000000000000000000000000000000000000000000000000000000000000000000000000000000000000000000000000000000000 848941756580807686959713693052439535859285186988158518859357633925376037816202335141886768386871718787697178443782605928146382834452555681900780658558326031488875745635835613653877063979907539639282369305793574210372567774193648569866153386215865582410167758039822317601332298743532828266551400485040278163601/2000000000000000000000000000000000000000000000000000000000000000000000000000000000000000000000000000000000000000000000000000000000000000000000000000000000000000000000000000000000000000000000000000000000000000000000000000000000000000000000000000000000000000000000000000000000000000000000000000000000000000000000

-1
-8874230931408153378387913112322086044640602633459422116265594939026948802444633227590657241958890740964984610772208397682463954563877472692028220954603597375475459740760514312343709706330672467158078393108159914436064689790701212898271730505154169861594463037251731920868583671013712463278403339398368217791561/10000000000000000000000000000000000000000000000000000000000000000000000000000000000000000000000000000000000000000000000000000000000000000000000000000000000000000000000000000000000000000000000000000000000000000000000000000000000000000000000000000000000000000000000000000000000000000000000000000000000000000000000 -879135493523895825369706989087393334404032031050784857028058694373826904662041451300376307838967965879325149827776015886996123872695065110662606870829099180399185330387335206292331958135416745991314818212019094821821601103528839015441809087885287328800896730388269251106379597429761644550484946317196070329069/2500000000000000000000000000000000000000000000000000000000000000000000000000000000000000000000000000000000000000000000000000000000000000000000000000000000000000000000000000000000000000000000000000000000000000000000000000000000000000000000000000000000000000000000000000000000000000000000000000000000000000000000
0 0

0 0

0 0

