1                                                

0.582387367348377822661263887847e-21 -0.513322370379079148154654763721e-21
-0.149627422187374215529229674359e-22 -0.260174912226311800527831583206e-21
-0.417538418548269132910913736290e0 -0.553219472349896647928456463236e0
0.228281181905911957068587928765e-22 0.502495898159518340114376567180e-21
0.100000000000000000000000000000e1 0.000000000000000000000000000000e0
0.263658657790023483290414283008e-1 0.936361614943214454584892729680e0
0.184110937656127763182456326176e0 0.271385334580139796509833161251e0
-0.437450432549440350945175618432e0 -0.667841137736052441908118268980e-1
0.563074136726077613211495194547e0 -0.556883827027743640277743023956e0
0.100000000000000000000000000000e1 0.000000000000000000000000000000e0

