1                                                

0.100000000000000000000e1 0.000000000000000000000e0
0.204716573495775102778e0 -0.264949817015961057979e0
0.197521037124987129235e0 0.840695723030247573661e0
-0.403588892382127043820e0 0.509202145147567865867e0
-0.885806778876870102148e-1 0.369512696285439655902e0
0.263658657790023484341e-1 0.936361614943214454546e0
0.184110937656127763239e0 0.271385334580139796565e0
-0.437450432549440351075e0 -0.667841137736052441925e-1
0.563074136726077613337e0 -0.556883827027743640373e0
0.100000000000000000000e1 0.000000000000000000000e0

