1

0
-0.546636962001318863473025857288e-22 -0.924421034192740265879294108882e-22
0.100000000000000000000000000000e1 0.000000000000000000000000000000e0
0.874834574279605273280061887230e-1 0.517444789907110169095403409661e0
-0.723292221742582558913873817469e0 0.677952822173008400216464933785e0
-0.161094247751386688866308037460e0 -0.352949076481545359355922145242e0
0.100000000000000000000000000000e1 0.000000000000000000000000000000e0
0.942348531364921741947446370311e-1 0.624869413497596684253902589418e-1
-0.737057699718467273982903183726e0 -0.772986968575044072814304186176e-1
-0.853806729821892258288252012842e-1 0.688716491078723590883150222541e-1
0.287241953321377998018385291042e0 -0.659113199968014230171856508794e0

