1                                                

0.312362525811303537676e0 0.517372868727987626043e-1
-0.452558057053310369185e0 -0.357073143174538883880e0
0.194928255618984836676e0 -0.678377088641451975518e0
0.100000000000000000000e1 0.000000000000000000000e0
-0.414594778022734573083e-1 0.470966668726177737172e0
-0.657432376934696763684e0 0.716174999227030551375e0
0.468006013575969111444e-1 0.128602634682679495249e0
0.100000000000000000000e1 0.000000000000000000000e0
-0.249669533315059160829e-1 -0.329682845001455536893e0
-0.101414522464957056887e0 0.320280255184124594125e0

