1                                                

-0.305619599772970567890358122447e-19 -0.284122699900983812116709516391e-19
0.100000000000000000000000000000e1 0.000000000000000000000000000000e0
0.314601955690548303482975247670e0 -0.594381287056519808797846831659e0
0.730711111582224341516545323705e-1 0.729413823231372012943794792711e0
-0.296877221593833704932279837265e0 0.842529836340004517369230187426e-1
0.613732481265869004010700083279e-19 -0.137687378291604521696020978699e-21
0.100000000000000000000000000000e1 0.000000000000000000000000000000e0
0.309671380472583074262760749525e-19 -0.316198513029744970686163974972e-20
0.292710801128752162810777786298e0 -0.924947074987189977018100852474e0
-0.113224041190666948763277667633e-18 -0.110222357826813183689518878666e-18

