1                                                

-0.324542596412806966130e-2 0.774496534995864589182e0
0.576906498163964321670e0 0.197935953623472217325e-1
0.100000000000000000000e1 0.000000000000000000000e0
0.277174767864954422385e-1 0.422249914479742664359e0
-0.568259849124750163532e0 -0.275152039907286294723e-1
-0.416010564349215854099e0 -0.854569997612920468646e0
0.493784367901899681101e0 0.164182758366268534842e0
-0.519118782033824295813e0 0.118504310700212119370e0
0.100000000000000000000e1 0.000000000000000000000e0
0.470085914336558056194e0 0.834224851001953259270e0

