1                                                

0.598727498408883058935e0 -0.641201037989749808533e0
-0.290386178100526756806e-23 0.313031707702381043969e-23
0.100000000000000000000e1 0.000000000000000000000e0
-0.320938618120953223144e-24 0.838845538760626136329e-25
-0.109320574443194821042e0 -0.937901088327930957379e-1
0.100000000000000000000e1 0.000000000000000000000e0
-0.415439739138426991703e-24 -0.429840119134598697442e-24
-0.562910845493003647777e-24 0.720043837865799208918e-24
0.424733679528612311269e0 0.185170239481638314826e0
0.312970475965461107664e0 0.371029682496321193023e-1

