1                                                

0.436244154903354503265e0 -0.193722190246846160078e0
-0.100170982557821911267e0 -0.924408078531245741322e0
-0.321166658125635837444e0 -0.512233878693990357591e0
0.100000000000000000000e1 0.000000000000000000000e0
0.115318590796844123840e0 0.433854115184869216240e0
0.205622590352957292136e0 0.793491319896377535149e0
0.337598511293778434384e0 0.830994418488822071732e0
0.273619199569880093300e-1 0.184631585944238107001e0
0.100000000000000000000e1 0.000000000000000000000e0
0.521365721269981277034e-1 -0.187618246805538213979e0

