1                                                

0.672240725293827804114e0 -0.164223972108819961006e0
0.137603893786332890178e0 -0.168621275634715986615e0
-0.468144056915267417550e-1 -0.880886908288574231292e0
0.100000000000000000000e1 0.000000000000000000000e0
0.116562407478163157100e0 0.501339307072302361123e0
0.100000000000000000000e1 0.000000000000000000000e0
0.552875102040474201569e0 -0.313747176365773192673e0
0.423392099432123763961e0 -0.711081350948834233134e0
-0.475239857371350994712e0 -0.350686365919205330965e0
-0.399330432978814997677e0 0.345438166839475372250e-1

