1                                                

0.470124463047971118664368155000e-19 0.351708489498848964379809445281e-19
0.100000000000000000000000000000e1 0.000000000000000000000000000000e0
0.874834574279605270593213900106e-1 0.517444789907110169130892728569e0
-0.723292221742582559797817766950e0 0.677952822173008400445200745255e0
-0.161094247751386688989744785930e0 -0.352949076481545359705830669442e0
0.213864994667180150249964369248e-18 -0.222197775889386920116017414214e-18
0.100000000000000000000000000000e1 0.000000000000000000000000000000e0
0.165798547120027244218415574552e-18 0.334516371027172606880199842821e-19
-0.292710801128752163052507566924e0 0.924947074987189977193306658824e0
0.856172936450340033452469366123e-19 0.648399891041995789169362257950e-19

