1                                                

0.119060953583218797537e0 -0.422261466585220329902e0
0.100000000000000000000e1 0.000000000000000000000e0
0.360045195005697263953e-1 0.536625832829757271286e0
-0.543420222119375351093e0 0.496371988065355686535e0
-0.343326157032470478643e-2 -0.398113011125250783605e0
0.227813105242249826777e0 -0.731764059574379137644e0
0.100000000000000000000e1 0.000000000000000000000e0
-0.254067543286576242895e0 -0.686376267529284244989e-1
-0.159600505087035751559e0 0.815976943595680445588e0
-0.180736140303412072934e0 -0.962392590232770624338e-1

