1                                                

-0.660030241122065789623e-2 0.801545038837391426762e-1
-0.452177322533706686075e0 -0.533826833007568969755e0
0.185838306266572806535e0 -0.557017384732017824038e-1
0.100000000000000000000e1 0.000000000000000000000e0
-0.583670635937257672066e-1 0.211218994513437993590e0
-0.343506618220778670443e0 -0.407532547430859718980e0
0.158150856566855723144e0 -0.219679967920804052034e0
0.100000000000000000000e1 0.000000000000000000000e0
-0.281667160257654156525e0 -0.515519287518353230257e-1
-0.907611814254209467207e0 0.395190754867854127910e0

