1                                                

0.100000000000000000000e1 0.000000000000000000000e0
-0.346528834163066548374e0 0.122181557073241130590e0
0.206775396696575873649e0 -0.881803013121581169727e0
0.871605215265569294376e0 -0.466825919310866790793e0
0.161405181668745487900e0 0.573391581127413427037e0
-0.343506618220778670714e0 -0.407532547430859718845e0
0.158150856566855723008e0 -0.219679967920804051994e0
0.100000000000000000000e1 0.000000000000000000000e0
-0.281667160257654156498e0 -0.515519287518353228631e-1
-0.907611814254209467152e0 0.395190754867854128127e0

