1                                                

0.209531233681987145631e0 -0.187911232137684601068e-1
0.565909961702202283173e0 0.517626522086502102618e0
0.100000000000000000000e1 0.000000000000000000000e0
-0.524750247099960940173e-1 0.832583262868531196019e0
-0.343684256831807262135e0 -0.121194085283694530772e0
0.100000000000000000000e1 0.000000000000000000000e0
0.153101993799421300246e0 0.231040291031222420166e0
0.207022972184172361507e0 -0.453396735778465525169e0
0.293846612121875633018e0 -0.377694210144124828469e-1
-0.273562565577762833449e0 -0.206770342259159609676e0

