10
0
0
64
-0.901042569257405031241e-1 -0.232999102760404939503e0
0.405382840606793223756e0 -0.815531243471833116069e0
-0.327666208325964788723e0 -0.114138744210814100939e1
0.967494373126098528763e0 -0.212915066631487711181e0
-0.257156897031866499659e-1 0.431988101194535673152e0
0.822816690190856452275e0 -0.938747925141157625020e-1
0.147663735182617787141e0 0.175731389665624536132e0
0.127779432268273625105e0 -0.392496640036020008499e0
0.238236300248811851336e0 -0.586620997334207878730e-1
-0.244502367746465243588e0 -0.144453459564070613364e0
7.66646708341687e-20
3.196627635872686e+02
1.17508576654174e-19
9.76562500000000e-5
1.04275225941286e-18
1.000000000000000e-01
1
1
-1

2 0
2 10
-3625609819816116124159994495789168185280920263580056948525654428551124711115266971253954200565691105533350377320525361350189171101358810800708757518075370864812734062093849937764922559098931252659177700171404529371395219814820274100318808931414067525043443579230179060441353995247815230408270650860793487198869/5000000000000000000000000000000000000000000000000000000000000000000000000000000000000000000000000000000000000000000000000000000000000000000000000000000000000000000000000000000000000000000000000000000000000000000000000000000000000000000000000000000000000000000000000000000000000000000000000000000000000000000000 616614750519054552691983947741634983512326079176772118958335243745080725274233825847717216709323029741354053215763317100213920927522604625371258050681480684245646036198569321134918135276827127630576214242900337615499418225789539243930934016184950613730225110788749441971747062695911411421357354179271515090959/20000000000000000000000000000000000000000000000000000000000000000000000000000000000000000000000000000000000000000000000000000000000000000000000000000000000000000000000000000000000000000000000000000000000000000000000000000000000000000000000000000000000000000000000000000000000000000000000000000000000000000000000
-1095725264676465363156695939378791332627874063159901515199648816760086653533553886047220148410212237458441119263121844795747519232279325989938876795232490290819680886282109059483786905232276226544259432993646312092142448678641792215410159308042956783196114807342899782801225946584377633735604873772557168782661/10000000000000000000000000000000000000000000000000000000000000000000000000000000000000000000000000000000000000000000000000000000000000000000000000000000000000000000000000000000000000000000000000000000000000000000000000000000000000000000000000000000000000000000000000000000000000000000000000000000000000000000000 5445385048704057572015447861411793496685802321613038175140922627649490100358091352648921970854964569612484756656012807101153642464252429345394664430011614583196331092709494388778253901020796540259500536173608094857914113064314641768349466521909266544206434702747803839649196585498788308829405030008721674858069/10000000000000000000000000000000000000000000000000000000000000000000000000000000000000000000000000000000000000000000000000000000000000000000000000000000000000000000000000000000000000000000000000000000000000000000000000000000000000000000000000000000000000000000000000000000000000000000000000000000000000000000000
4216043311571234129539866870789146494429357097614366768191867653914416982274641126010764468549496946326918734973564848706589928684073599402088157192273334149361116562292068987205974143544051618508884845425164638512156277991120360562041950976504120302333610105143781436016936186187036163968624889945882932472453/5000000000000000000000000000000000000000000000000000000000000000000000000000000000000000000000000000000000000000000000000000000000000000000000000000000000000000000000000000000000000000000000000000000000000000000000000000000000000000000000000000000000000000000000000000000000000000000000000000000000000000000000 244184690140818250579645455886497266961559057433452085785933830723796774013354790542948018809829089802427988272511041823206552126682282098878699528544816574572930853218644606704063133870090780823719840669967909618496165405422426887061725704309098793600157421664154928001885228859889148178251730098299842643709/3125000000000000000000000000000000000000000000000000000000000000000000000000000000000000000000000000000000000000000000000000000000000000000000000000000000000000000000000000000000000000000000000000000000000000000000000000000000000000000000000000000000000000000000000000000000000000000000000000000000000000000000
178568725471221449815536314256327051346634331667284873176497362567490432028823410157246288126199808536365210841377299749856800613277677749832086766231445481864003297767615912484600389877301346052143088121283240070952725740792737591136119049146485517572786441928167417364176276572124595967876442640014613728751/1250000000000000000000000000000000000000000000000000000000000000000000000000000000000000000000000000000000000000000000000000000000000000000000000000000000000000000000000000000000000000000000000000000000000000000000000000000000000000000000000000000000000000000000000000000000000000000000000000000000000000000000 3953917320275849306085343146947921137766366842654737895408359084537299924507830825667352651516761604546481261798877740141989276010486718047725141267627874548400113241997574109638801367819052853867281866294289589944077651154077939374420613436271470877217296931360380739667532853722722078789498853973788525737979/5000000000000000000000000000000000000000000000000000000000000000000000000000000000000000000000000000000000000000000000000000000000000000000000000000000000000000000000000000000000000000000000000000000000000000000000000000000000000000000000000000000000000000000000000000000000000000000000000000000000000000000000
-1425658544589677519826857150601348716753767244929885145006288572811017341522879257087382932735867453056301883733911376025567459330400339497987324280827517191686786899756238637257287516340724557509561797234851503772159501864355454206141478773805900268356680395555103925872646225369008775621120544306252534983729/2500000000000000000000000000000000000000000000000000000000000000000000000000000000000000000000000000000000000000000000000000000000000000000000000000000000000000000000000000000000000000000000000000000000000000000000000000000000000000000000000000000000000000000000000000000000000000000000000000000000000000000000 -569559559423203453930487995393775463282957125239100159335561920917000001017747300967288250043146370258020666243203626030434350387102209584673637659610441392190739839447789930298887003227983995620451406570815352791398250307211924009845767919876125983705293826333389605189337550140195386004314825739705441259317/625000000000000000000000000000000000000000000000000000000000000000000000000000000000000000000000000000000000000000000000000000000000000000000000000000000000000000000000000000000000000000000000000000000000000000000000000000000000000000000000000000000000000000000000000000000000000000000000000000000000000000000
0 0
0 0
0 0
0 0
0 0
0 0
0 0
0 0
0 0
0 0
9246400171705810589194010754336244811663247298773371841741270329180360095458881375899990347704941316130330426632779886602868277154313347919230472165178576354204430316728303875985789845564881156481911167241903314519252079300882804131998081700040486591919452045418841232918033172889838562289891913438718693091027/10000000000000000000000000000000000000000000000000000000000000000000000000000000000000000000000000000000000000000000000000000000000000000000000000000000000000000000000000000000000000000000000000000000000000000000000000000000000000000000000000000000000000000000000000000000000000000000000000000000000000000000000 2384429807272660957055924255263264024162461160534477444617242613252652246182014919376404656513716045119719147230704792358212926374812944602076068255612647487496160131928843852205722343287587897888429330658245478495951335296962154675759577460793905899900971936054400667981014319250152098693584306163860907629309/50000000000000000000000000000000000000000000000000000000000000000000000000000000000000000000000000000000000000000000000000000000000000000000000000000000000000000000000000000000000000000000000000000000000000000000000000000000000000000000000000000000000000000000000000000000000000000000000000000000000000000000000
6050906655058740575485456091515927153381282210091481484592609999490765803327911054629088332096680210413393007900705458876314483849677744542234126313963673383122841982036462787362766428169229180624593460076738648667519845248368257787935868748649633764184482190287782614062677022323777512233123081740272992046777/10000000000000000000000000000000000000000000000000000000000000000000000000000000000000000000000000000000000000000000000000000000000000000000000000000000000000000000000000000000000000000000000000000000000000000000000000000000000000000000000000000000000000000000000000000000000000000000000000000000000000000000000 -157234185367997339965829689725295375108663500906925378387808651143977479029748080540586001213319821612533866616954180573900370918523228868562434966508137889750355722370423038711935239321410906779165097386892289618339294085246897950028823991308957914056342259668519048678815872881324838910144047486631643469681/200000000000000000000000000000000000000000000000000000000000000000000000000000000000000000000000000000000000000000000000000000000000000000000000000000000000000000000000000000000000000000000000000000000000000000000000000000000000000000000000000000000000000000000000000000000000000000000000000000000000000000000
5943374535895381698638388100260341823258995957403729137573005033297854314218875663007061388993817540581576840712768308142695019807382825592524329330548111042899912416965743293126742952175079882481480730321610407751008309768124447920323813656322640146636630800306273795082103501982268827939029943276014900234377/10000000000000000000000000000000000000000000000000000000000000000000000000000000000000000000000000000000000000000000000000000000000000000000000000000000000000000000000000000000000000000000000000000000000000000000000000000000000000000000000000000000000000000000000000000000000000000000000000000000000000000000000 -3227755329659276708877984118059354938069512048113859867358500885676447110687367727784903510399223144689026070415978772830489031766031179877591253911560841172788488499175583996707792105637728453326380482433661587676055768077965948587095939784962737107736644696060701673204972056475615806379055039744600784886227/5000000000000000000000000000000000000000000000000000000000000000000000000000000000000000000000000000000000000000000000000000000000000000000000000000000000000000000000000000000000000000000000000000000000000000000000000000000000000000000000000000000000000000000000000000000000000000000000000000000000000000000000
-2142561929868087769092966780426206216703976682852514542630452340056889241166991145343539547188513376147109607110029471169103841263428388817445866568080439399509146442332126013347650918312743734001559892766298155195334097305569430760476888172946466814567316494455790668299990455856995227458203940316527757604461/250000000000000000000000000000000000000000000000000000000000000000000000000000000000000000000000000000000000000000000000000000000000000000000000000000000000000000000000000000000000000000000000000000000000000000000000000000000000000000000000000000000000000000000000000000000000000000000000000000000000000000000000 3811864802783037820689866558423300378091788040337298570053366859640818993543723430095781845045387555556112825861984880204883597552696776558879484619810635544370065161996199348322337896376515711760916613039711166593162507280177252886657885129933761619239342230809458345952613564606871774199667465244110546381257/5000000000000000000000000000000000000000000000000000000000000000000000000000000000000000000000000000000000000000000000000000000000000000000000000000000000000000000000000000000000000000000000000000000000000000000000000000000000000000000000000000000000000000000000000000000000000000000000000000000000000000000000
-7724115248094358864055476984448763526098343551601906409130762184710030377632889143886839195176860764559102666361494862654276303818175935601000864504472728268449401759326856632764706568853201624211932904043992481687543636769664977813595315418732162200092523456608521008044612824125487821593806502035369132616567/10000000000000000000000000000000000000000000000000000000000000000000000000000000000000000000000000000000000000000000000000000000000000000000000000000000000000000000000000000000000000000000000000000000000000000000000000000000000000000000000000000000000000000000000000000000000000000000000000000000000000000000000 -1623202113356423322352810611197087926398823477848520306153414348200543183400714639147479216489194960505097711988543042381955632346245018250319579937285567451628786542344766653380807093785505459036350953084220752451626678367269580511858580093489585018159424220894132215062957235752619318978033404727147250598229/5000000000000000000000000000000000000000000000000000000000000000000000000000000000000000000000000000000000000000000000000000000000000000000000000000000000000000000000000000000000000000000000000000000000000000000000000000000000000000000000000000000000000000000000000000000000000000000000000000000000000000000000

-1
2974762180975778813370437765029216399595601458244150470370540954932855486312684662288155584314649779311975274428110960786259893356873738548084888377831009220218135829247131571825213847659106536032722220468486622822375267808021261618940403171309539380389841279364000825544668981676510624860514985925494612047027/5000000000000000000000000000000000000000000000000000000000000000000000000000000000000000000000000000000000000000000000000000000000000000000000000000000000000000000000000000000000000000000000000000000000000000000000000000000000000000000000000000000000000000000000000000000000000000000000000000000000000000000000 4103694672175161343647468322219477060411896560686946689557423658473991449284250012976071909709726604587659161998994134568159923192383603115244168954305608061374974560487207700474173157879448961483103684402510315242611965604641495958669904800960302999950174073183740268786433027360060502713050111471706981478197/5000000000000000000000000000000000000000000000000000000000000000000000000000000000000000000000000000000000000000000000000000000000000000000000000000000000000000000000000000000000000000000000000000000000000000000000000000000000000000000000000000000000000000000000000000000000000000000000000000000000000000000000
0 0

0 0

0 0

