1                                                

0.209531233681987145618e0 -0.187911232137684601102e-1
0.565909961702202283173e0 0.517626522086502102618e0
0.100000000000000000000e1 0.000000000000000000000e0
-0.524750247099960940038e-1 0.832583262868531196019e0
-0.343684256831807262135e0 -0.121194085283694530765e0
0.100000000000000000000e1 0.000000000000000000000e0
0.153101993799421300490e0 0.231040291031222420234e0
-0.148018138612612917249e0 -0.828307586696358398234e0
0.293846612121875633126e0 -0.377694210144124830672e-1
0.493847463992667179117e-2 -0.223595071346067786697e-2

