1

-0.350218424358620489350427179250e0 -0.237396220604063297682425257371e0
0.100000000000000000000000000000e1 0.000000000000000000000000000000e0
0.349649348565556088309636748775e0 -0.660167727923282878103775557163e0
0.730711111582224340927604546202e-1 0.729413823231372013007651224862e0
-0.326967035233399676752670696440e0 -0.792359364662039440905820991783e-2
0.396194202681641181219172062215e-1 0.529180269780738824925687174617e0
0.308890243543690085484268831212e0 0.815468714306387100302285449016e0
-0.420923563588451286722508409810e-1 -0.752185560677438538100513207968e-1
0.100000000000000000000000000000e1 0.000000000000000000000000000000e0
0.106884921745176844082536730061e-1 0.918788439187227117086451330635e-1
