1

0
-0.718475432134584778606e0 0.384457381528194888653e0
0.100000000000000000000e1 0.000000000000000000000e0
0.157708727602020932395e-1 0.813226535610372335244e0
0.730711111582224341566e-1 0.729413823231372012920e0
-0.244363610773533245738e0 -0.442565898437265006668e0
0.100000000000000000000e1 0.000000000000000000000e0
-0.799957668458011042609e0 -0.483291540806130116045e0
-0.398362429889302414328e0 0.622955126968135608717e0
0.213814973831990181468e0 -0.599914828942114358441e0
-0.183675800041794232506e0 0.434272991936919666386e0

