1                                                

-0.627903622751910619017e0 0.228709656988301813095e0
0.100000000000000000000e1 0.000000000000000000000e0
-0.170320436839421171944e0 0.890502519260640649774e0
0.730711111582224340889e-1 0.729413823231372012974e0
-0.126141270194085062991e0 -0.457016005167443597107e0
-0.774923611816093063057e0 0.528076175723910765678e0
0.100000000000000000000e1 0.000000000000000000000e0
-0.154741488460653952084e-1 -0.390401920157658878778e0
-0.519067409051330520462e-1 0.827756100719592216467e0
0.167587260933394842271e-1 -0.302772743931984879566e0

