1

0
0.638835444809575152428640893758e-19 -0.356199851068676419526384286650e-18
0.100000000000000000000000000000e1 0.000000000000000000000000000000e0
0.498539595429319789452389726424e0 -0.481491500877329611077004434586e0
0.730711111582224335326128777988e-1 0.729413823231372013278096846482e0
-0.586753833630454658131289029976e0 0.197956532982469742903635028566e0
0.270486589531026925178259992583e-19 0.156379724521366760100503459207e-19
0.100000000000000000000000000000e1 0.000000000000000000000000000000e0
0.819913649468654790021067245126e-20 0.376385846589133705082553317966e-20
0.292710801128752162705600700833e0 -0.924947074987189976409451723569e0
-0.305691439253419418677040260123e-19 0.144243831466143817355266771858e-19

