1                                                

0.100000000000000000000e1 0.000000000000000000000e0
-0.592099427793833509275e0 -0.801932271293308607881e0
0.374625842897052774668e-1 -0.484800424379855054324e0
0.541675120871626963708e0 -0.490483589497246935104e0
0.980017713770196984750e-1 0.703718515590065054352e0
0.100000000000000000000e1 0.000000000000000000000e0
-0.193381416836497008177e0 -0.862950338699611537872e0
0.584630005100403368355e0 0.289365479236644755292e0
-0.233795278459728260014e0 -0.320034261778663691817e0
0.222481917945068946346e-1 -0.272667259661525850144e0

