1                                                

0.279038053849118009443e0 -0.168235821663761331805e0
-0.686008083701005628009e0 -0.510306645232256556185e0
0.273757653393105537375e0 -0.324240721124906333591e0
0.100000000000000000000e1 0.000000000000000000000e0
-0.879635122054718190401e-3 0.342789280447044258812e0
0.100000000000000000000e1 0.000000000000000000000e0
-0.184468537638868726827e0 -0.150416005180491401275e0
-0.151092449862171827917e0 -0.454137500053276750307e0
0.156580879539000600311e0 0.513462382554117986161e-1
0.245695267508360780230e0 -0.189149819867007839967e0

