1

0
-0.309716832689124088094554291473e-20 0.267322568596243583808933769999e-19
0.100000000000000000000000000000e1 0.000000000000000000000000000000e0
0.548011893499738482113978189641e0 -0.905686873070268818548102915435e-1
-0.156947014438634045739610587473e0 0.819107750894472400923424583579e0
-0.350248458339851921045458487889e0 -0.127430033374245882486867122318e0
0.213044383102693728497013896839e-19 0.177136849225153992334200775459e-19
0.615394484511152619805285986377e-20 -0.317492636605762137873210489560e-20
0.100000000000000000000000000000e1 0.000000000000000000000000000000e0
0.398827931194875331384302482208e-20 -0.604622682754188021469301126727e-20
-0.418964538402246318119090813249e0 -0.839780228903242572279171635300e0

