1                                                

-0.317484108568998637872e0 -0.426851917960725842793e0
0.894751345340773161086e-1 -0.994349334868256073819e0
0.156513461421816575339e0 -0.738836875091513547791e0
0.100000000000000000000e1 0.000000000000000000000e0
-0.173254208798632551000e0 0.243992299417464136526e0
-0.824757284619922589043e-1 -0.678084065937357655844e0
-0.462168115727883209958e-1 -0.170270182674984717219e0
0.100000000000000000000e1 0.000000000000000000000e0
-0.988699893030407716909e-1 -0.152212118095448529611e0
-0.264869871522998612652e0 -0.925533006553230658871e0

