1

0.387923690575285961467e0 0.224476946044722964235e0
0.100000000000000000000e1 0.000000000000000000000e0
0.508604754875495392648e0 -0.541331384172875141648e0
0.730711111582224340686e-1 0.729413823231372012866e0
-0.630856388458607959683e0 0.236558757492374101814e0
0.231197716783189517688e-1 0.613032931281203204231e0
0.238339167975088562609e0 0.920317894484966861921e0
0.315535322375716207522e-1 0.989167936598753703520e-1
0.100000000000000000000e1 0.000000000000000000000e0
-0.236012248635540645869e-2 -0.102173066182988089987e0
