1

0
0.1754728843646285292736982931735909558524e-18 0.3971730707253481647374271465627545132423e-18
-0.2809003142791322516268392219947848748085e-18 0.4474380226893198526630162431135023340207e-18
-0.4175384185482691330786703953905168066177e0 -0.5532194723498966476913452347312236774165e0
-0.3468931768779514591853592111024323600635e-18 -0.1721977786928663238031200960392437527154e-18
0.1000000000000000000000000000000000000000e1 0.0000000000000000000000000000000000000000e0
0.7820130324417765496468349119255171074210e-19 0.6430587385932921913794790919295748499134e-18
-0.3973961975392908800188632804937028811158e0 0.5639995524151402483681800320452985159512e0
0.3337509073859148459902352325382551258276e0 0.7087055054909165486666993720031170137606e0
-0.8028056031145660424904621649905400873367e0 0.4912648368883423831186678583417079604611e0
0.1000000000000000000000000000000000000000e1 0.0000000000000000000000000000000000000000e0

