1                                                

0.201785590676010280338e-1 -0.654378926994936685940e-1
0.266397977075578713761e-1 -0.104816426579421876472e-1
-0.363170881165705579765e0 -0.550261105406625437625e0
0.959205466439617156329e-2 0.186655314202008669371e-1
0.100000000000000000000e1 0.000000000000000000000e0
0.356607047064443208827e0 -0.188926060834783591310e0
-0.159250229514587265847e0 0.322531445409484025761e0
0.231057648082022526993e0 0.359323326495547396811e0
-0.756080327942465024271e0 0.487809773165631940551e0
0.100000000000000000000e1 0.000000000000000000000e0

