1

0
0.100000000000000000000e1 0.000000000000000000000e0
-0.726740419519623136906e0 -0.628908780091512789904e0
0.855025199775289386364e0 0.736096234901756731793e-1
0.405631027772436937318e0 -0.576049571277028528806e0
0.207637656306836773364e0 0.634854961041852626535e0
0.100000000000000000000e1 0.000000000000000000000e0
-0.365195869761936467966e0 -0.165357805351405599172e0
0.107678695318324211680e0 -0.723115159580442112201e0
0.362936073269081985908e0 0.187452172601037682104e0
0.678478159304808893938e0 0.160067642658357344441e0

