1                                                

0.100000000000000000000e1 0.000000000000000000000e0
0.360905012146330868999e0 0.456171992055073008892e0
0.549604469205158004022e0 0.622455626170167527730e0
-0.306366426515857701409e0 0.296582099071743954602e0
-0.150112924366407667428e0 -0.509368860420586697407e-1
0.100000000000000000000e1 0.000000000000000000000e0
0.201679683720159872668e0 0.294667213145560499869e0
-0.172290794712412239509e0 0.262875071674229255248e0
0.334714790712448991505e0 0.485731967974050506180e0
0.398454020045031346014e0 0.278063389539513897044e0

