1                                                

0.654990437995321598413e0 -0.665101400157141125461e0
0.592958204269575629730e0 0.198254444253909243288e0
0.100000000000000000000e1 0.000000000000000000000e0
0.525193775376529236893e0 0.832850745938650377747e0
-0.140745432634877231355e0 -0.677129344336359555672e-1
0.617712495246523707315e0 0.532619212456952920837e0
0.768790790585386289984e0 0.606656818253939878317e0
0.356887063063841776197e0 -0.653779758773822279269e0
0.100000000000000000000e1 0.000000000000000000000e0
-0.437179730446582036438e0 0.480565545613415624960e0

