1

0
0.522005606247181120674668531627e-18 -0.170548574451317539545480060308e-18
0.100000000000000000000000000000e1 0.000000000000000000000000000000e0
0.314601955690548303431628649744e0 -0.594381287056519809324072100313e0
0.730711111582224344702927498850e-1 0.729413823231372013360569705206e0
-0.296877221593833705116967590643e0 0.842529836340004520091053215048e-1
0.536078515877611829114912117856e-18 -0.549365073553406551213338927965e-20
0.100000000000000000000000000000e1 0.000000000000000000000000000000e0
0.176375946238645393305424989434e-18 0.696576047266003405763524383869e-19
0.292710801128752162899159366380e0 -0.924947074987189976829124518278e0
-0.991957217322306817542176561936e-19 -0.206703246512426743860879078292e-18

