1                                                

-0.994677597009314684449e-1 0.927836167650047370658e0
-0.763842844022442475865e0 0.261696422513042944201e-2
0.100000000000000000000e1 0.000000000000000000000e0
-0.577236952436887661601e-1 -0.556966304722542723403e0
-0.447097240523791217504e0 0.941007207761733731558e-1
0.235664089898723191384e0 -0.596294911651255938462e0
-0.727281962382133284465e0 -0.112443839519653402426e0
-0.411950957216874170545e0 0.653307077976362413595e0
0.100000000000000000000e1 0.000000000000000000000e0
-0.887927866437487952700e0 -0.419625570016264932011e0

