1                                                

0.549743811234704090772e0 -0.268597899145647271151e-1
-0.375143508702993178680e0 -0.270856686847396210832e0
0.963255933938456311813e-1 -0.623227424145016641933e0
0.100000000000000000000e1 0.000000000000000000000e0
0.622462777183719319613e-1 0.480532966949019656232e0
0.527482471641466416578e-18 0.186775437484425348595e-18
0.397396197539290878947e0 -0.563999552415140248699e0
-0.333750907385914847176e0 -0.708705505490916547466e0
-0.802805603114566042908e0 0.491264836888342384448e0
0.100000000000000000000e1 0.000000000000000000000e0

