1                                                

0.450557312444285165741e0 0.424518953787857636058e0
-0.935165005233643776010e0 -0.144291496549260749775e0
0.285667340007494550188e0 -0.617230322169296308666e0
0.100000000000000000000e1 0.000000000000000000000e0
-0.566666680226598053281e-1 0.591472010274309216589e0
0.495329116635060761372e0 0.727473861234675737465e0
0.100000000000000000000e1 0.000000000000000000000e0
0.187343044475577565075e0 -0.394809337035706995136e0
-0.522695660785058060810e0 0.252590604362494647133e0
0.237325129935571279218e0 0.597765082252132893507e-2

