1                                                

-0.576001788480197018623e0 0.497495344652134176343e0
-0.259819895148072300739e0 -0.832748198211952233671e0
0.100000000000000000000e1 0.000000000000000000000e0
0.588432718607333981177e0 -0.250366059229884630171e0
0.304509142640882404069e0 0.716283166699294365038e0
-0.612593847083447636979e0 0.708981163330756966958e0
0.300864137836414705530e0 0.331878224149410557052e0
0.431875237916882535915e0 -0.693428287004647933914e0
-0.568467544001485009571e0 -0.142169518033961379025e0
0.100000000000000000000e1 0.000000000000000000000e0

