1                                                

-0.564648097668619661986e0 0.530452753801311201198e0
-0.324518953785998547090e0 -0.824165245368429622995e0
0.100000000000000000000e1 0.000000000000000000000e0
0.577444562053561317810e0 -0.296931281049150315801e0
0.292598718354566573465e0 0.633644103280022343190e0
-0.637233342270635057085e0 0.726923509633516835859e0
0.306726377312138177151e0 0.370042960676861790994e0
0.425674027939132897005e0 -0.696543259015850508892e0
-0.601494666123783808763e0 -0.184642071624551365032e0
0.100000000000000000000e1 0.000000000000000000000e0

