1                                                

0.129228688133940366453e0 -0.267110108640023117578e0
-0.628715726357089204430e0 -0.626945853724106393870e0
0.128677716637863871364e0 -0.638910386660045925936e-1
0.100000000000000000000e1 0.000000000000000000000e0
0.497816964258997701919e-1 0.221146058563328787706e0
0.138513240421558511770e0 0.739746211078999068873e0
0.100000000000000000000e1 0.000000000000000000000e0
-0.260941116212851444720e0 0.338735712530506294122e0
-0.453240780600840538530e-1 -0.257816028756056042192e0
0.515573178654264834246e-1 -0.911737316045849691560e-1

