1                                                

0.875018531508220624309971328098e-18 0.481758466084890689861045037808e-18
0.100000000000000000000000000000e1 0.000000000000000000000000000000e0
0.734390911868534722198494159069e0 -0.171987676617596985345166277044e0
0.730711111582224340612307948569e-1 0.729413823231372012904519069897e0
-0.394584650596161769695158450377e0 -0.104009886874597381819989256020e0
0.105141653155197594487887989701e-17 0.610923847066598535263791954058e-18
-0.522286103318541232730739419783e-18 0.793310345944700597073989762007e-18
0.100000000000000000000000000000e1 0.000000000000000000000000000000e0
0.288582184673863706764675033389e-18 0.951555071318768993812189485328e-18
-0.418964538402246317229003872759e0 -0.839780228903242571342712679817e0

