1                                                

-0.712268427267890139032e0 0.215428506547933581791e0
0.100000000000000000000e1 0.000000000000000000000e0
0.424547460020298754685e0 -0.306276976978798876869e0
0.730711111582224341024e-1 0.729413823231372012974e0
-0.467313847447354899608e0 -0.132863414555536665668e0
0.491370048037737677533e0 -0.846771784953541415439e0
-0.359104631265086643026e0 -0.187215260359681970472e-1
0.100000000000000000000e1 0.000000000000000000000e0
-0.188721962226568882031e0 0.266398115849811525972e0
-0.702845905569482435021e0 -0.477294247635275080085e0

