1

-0.280168661961674809163e-1 -0.610694258531713768317e-1
0.248423895711076401318e-1 -0.466840571242187970209e-1
-0.448314422948717297018e0 -0.523640968435395117635e0
0.358672576007144750006e-1 0.147091264278241901583e-1
0.100000000000000000000e1 0.000000000000000000000e0
-0.433315222125966452275e0 0.144964030072473349425e0
-0.460668295330498142950e0 -0.789578461600103084143e0
0.100000000000000000000e1 0.000000000000000000000e0
0.987929131182564556089e-1 0.965422684800235303231e0
-0.439662945944508977371e0 0.890851947783558958786e0
