10
0
0
64
0.562863718671255198469e0 0.552272512310576074333e0
0.490198874545284888466e0 0.687691635911705278009e0
-0.153028413322310119851e-22 0.115805285757423874482e-22
-0.465792408903059589601e0 0.407808227196075984578e0
-0.512334991900031516123e-22 -0.827180612553027674871e-23
0.812034348499269015948e0 0.248634096245480310417e0
0.173985810080907241727e0 0.222844059181150852731e0
0.196152758365970794215e0 0.615823278059940931121e0
-0.330872245021211069949e-23 -0.413590306276513837436e-22
-0.860267837055148781866e-22 0.620385459414770756154e-23
5.47143251500842e-20
2.352633483580853e+01
1.61870174539465e-19
2.44140625000000e-5
3.81642629833951e-19
1.000000000000000e-01
1
1
-1

2 0
2 10
2429090167051545876470843783733852674455284380831194017349579596275923456815482441089357833092550942728533662005254120791090560751074305232243749880548079606469227252677227434488882117841249900443928261066184548100774339722822437142036143569904013884948999214549611931120732700640144465144671179725644565072983/25000000000000000000000000000000000000000000000000000000000000000000000000000000000000000000000000000000000000000000000000000000000000000000000000000000000000000000000000000000000000000000000000000000000000000000000000000000000000000000000000000000000000000000000000000000000000000000000000000000000000000000000 1141592959880945086782431232491117540725444102824013380157278393733508707096438761568343167962363479100602822084320096090780573917307176145720762238769059921118399296962218277820894814107645118296528769764009379713449612031582405900696947443945033466008317692743541325739406376986793538196748860024485140283469/5000000000000000000000000000000000000000000000000000000000000000000000000000000000000000000000000000000000000000000000000000000000000000000000000000000000000000000000000000000000000000000000000000000000000000000000000000000000000000000000000000000000000000000000000000000000000000000000000000000000000000000000
7421243950965013979268599268715582955122488574031015445010557392369784238433632647449478111722199416781335015864253382383734410404779999667440616083364920959624182615920298897739154710600047505986659742531889598068336404289700853517186792805274603564100653047143436945534101821674072480100527317165592218650773/10000000000000000000000000000000000000000000000000000000000000000000000000000000000000000000000000000000000000000000000000000000000000000000000000000000000000000000000000000000000000000000000000000000000000000000000000000000000000000000000000000000000000000000000000000000000000000000000000000000000000000000000 -1110564413556995547856009380810365220746711883210973949380536606890947538400795676954858008569175494211481807560468561994594691416242415475986013405242247336756269412420912275369344944778663249702565636226768271522610765311016114879846887494433707094855466008608127574418041796588399716483190274537698949494253/2000000000000000000000000000000000000000000000000000000000000000000000000000000000000000000000000000000000000000000000000000000000000000000000000000000000000000000000000000000000000000000000000000000000000000000000000000000000000000000000000000000000000000000000000000000000000000000000000000000000000000000000
-97546440379170622533532622945261639248889511669190252654673007310396563048455073835898270663681919708577634648541476975545671340604253150073112460363330142103560010501710054552976267506691648754803448492747991753276831441781065741552871574141885573366873295604215077003327966154600261423107133839044693137433/400000000000000000000000000000000000000000000000000000000000000000000000000000000000000000000000000000000000000000000000000000000000000000000000000000000000000000000000000000000000000000000000000000000000000000000000000000000000000000000000000000000000000000000000000000000000000000000000000000000000000000000 -2452259342805764494172575967063004025969792469438423787867966011982603715699172529992765700360811910184575962221187613560468035998291419450612374503681098571812484932970550382253595504414193310340006394523761618172689096171730276501278975655810300000459384196598714255674706644584253581637508032033519565354961/2500000000000000000000000000000000000000000000000000000000000000000000000000000000000000000000000000000000000000000000000000000000000000000000000000000000000000000000000000000000000000000000000000000000000000000000000000000000000000000000000000000000000000000000000000000000000000000000000000000000000000000000
-1686257157288357827519127500178382180424234456089211425740614461706537367349393826450140404286465487741793242141736873207401472059153282351787183444170397114106677375018983279296652124253830069858391957721638002446980755699055778003022595961902985496049643581805011283632435425627535206040493088777330193423483/2000000000000000000000000000000000000000000000000000000000000000000000000000000000000000000000000000000000000000000000000000000000000000000000000000000000000000000000000000000000000000000000000000000000000000000000000000000000000000000000000000000000000000000000000000000000000000000000000000000000000000000000 1642197145503659429559993714579593061675041838394121848234534310889853692906826937923594591856559870202776854102734082498052186297838310138296792096517666285256324614000158442824419003602871645580785457613714071757878368827042860506951218999452521364847509325851845853270840002660325949757624037627122236432879/10000000000000000000000000000000000000000000000000000000000000000000000000000000000000000000000000000000000000000000000000000000000000000000000000000000000000000000000000000000000000000000000000000000000000000000000000000000000000000000000000000000000000000000000000000000000000000000000000000000000000000000000
-70203326163605940602331416792477158061346155002105523654738165407583949615402032803450211873036900991053021693736011771561288759880510929799066388693074237032295773853624245362320904064639798102128851327852525407958335866511633757149572360318859987869730087111237549134620694193824775168994889589605572893733/625000000000000000000000000000000000000000000000000000000000000000000000000000000000000000000000000000000000000000000000000000000000000000000000000000000000000000000000000000000000000000000000000000000000000000000000000000000000000000000000000000000000000000000000000000000000000000000000000000000000000000000 212713029590110807370550714694132782750120718812090069417517690315063564367445430047508894927698111505189334736459080823642606756918979607130402235480172697634353640750171106543098399163290498874569428746544350884874957528545856965225735685783846037090345075249133248215682314912270518562427739793412311140689/250000000000000000000000000000000000000000000000000000000000000000000000000000000000000000000000000000000000000000000000000000000000000000000000000000000000000000000000000000000000000000000000000000000000000000000000000000000000000000000000000000000000000000000000000000000000000000000000000000000000000000000
0 0
0 0
0 0
0 0
0 0
0 0
0 0
0 0
0 0
0 0
9474581344779564418277860566321238467154791401183539438162150381105274046272983701834295736508676348483700134133663659070306206565278861425396677722048430829583910502618899161723928263844522906139353050941238192134762530495910821028921425706173316541531270785359196067586260953851227509476234080074709380600631/10000000000000000000000000000000000000000000000000000000000000000000000000000000000000000000000000000000000000000000000000000000000000000000000000000000000000000000000000000000000000000000000000000000000000000000000000000000000000000000000000000000000000000000000000000000000000000000000000000000000000000000000 -1452209988181434373823902411041718977311767941270479090282613870104458254700038996250811219021126272187054987686352055531855576768074427607911145256276841397650177286166052795820401677030187950688389547089275669007517118538145325680661149633751414185462561388859419722270502275336704087190189618108268312599841/100000000000000000000000000000000000000000000000000000000000000000000000000000000000000000000000000000000000000000000000000000000000000000000000000000000000000000000000000000000000000000000000000000000000000000000000000000000000000000000000000000000000000000000000000000000000000000000000000000000000000000000000
510464256056404800885600818507908829216722432122799458406185075462639741592905544402654369047069567250364539381130582067780226747539579155933507524541004572422978884825495551064087560884910324045814759811441492370766936296516498538530906018027372265321805296788513300833812698644158845131636278352199046678659/625000000000000000000000000000000000000000000000000000000000000000000000000000000000000000000000000000000000000000000000000000000000000000000000000000000000000000000000000000000000000000000000000000000000000000000000000000000000000000000000000000000000000000000000000000000000000000000000000000000000000000000 -131631659133911802450241860279550388168833895954480374087160560576832160407341008079564232851717666829666849479393567903653686229748596842839130388457021374678072483386645144223297081065260063005670114766363061821227121833736674596963377885483721015572852616636334588711551228772469036381947195554774550754041/625000000000000000000000000000000000000000000000000000000000000000000000000000000000000000000000000000000000000000000000000000000000000000000000000000000000000000000000000000000000000000000000000000000000000000000000000000000000000000000000000000000000000000000000000000000000000000000000000000000000000000000
-1052751290972317702831245019814116869585410128594274693694896212036706734326232602861484561833741033602486691568179875252896177557315528854477849233920968108892598188446002743521540616373057097975865447050686444788808376905131484688566490548440430649394451057380188475532782477355360341296420563497335698481797/2000000000000000000000000000000000000000000000000000000000000000000000000000000000000000000000000000000000000000000000000000000000000000000000000000000000000000000000000000000000000000000000000000000000000000000000000000000000000000000000000000000000000000000000000000000000000000000000000000000000000000000000 -1146723493062199439851162774692157730650960323420596442566844923845328047087824427579200924022721806194495318909868136802975650576245978465145306477224865630230830081553263504720690398479477258001578351549197880055382386059248928242723191968014306326759142243269692459715933896682093763878733908613518089552979/5000000000000000000000000000000000000000000000000000000000000000000000000000000000000000000000000000000000000000000000000000000000000000000000000000000000000000000000000000000000000000000000000000000000000000000000000000000000000000000000000000000000000000000000000000000000000000000000000000000000000000000000
-4540750882896368291697026601089418502839719437539278048334938887593965960736901604709938574628017919384606590401081003091047514405709445305990055104695185501425660870097698954852761333839437016325310092655453440052277027429041423525344044152064048130885792151874814549947128671161908324336451797237345650903561/10000000000000000000000000000000000000000000000000000000000000000000000000000000000000000000000000000000000000000000000000000000000000000000000000000000000000000000000000000000000000000000000000000000000000000000000000000000000000000000000000000000000000000000000000000000000000000000000000000000000000000000000 2400324475281068115381950493233902373778821900438670656867795865279078369305516936798812146587287029090812475263017864895074996122047426359983019456005222958849178625273467975402511755228812385833369044353507782917367430343216092799869400552008603425136132217369790686037784409868335008555193329436454790116479/5000000000000000000000000000000000000000000000000000000000000000000000000000000000000000000000000000000000000000000000000000000000000000000000000000000000000000000000000000000000000000000000000000000000000000000000000000000000000000000000000000000000000000000000000000000000000000000000000000000000000000000000
1798630443859754630049316883483392073943858376999816302539068958000843063238699742086404875029568859898657764031959685051783926197455752609684616692876497602654516555679857114670372624515150439320641132582472437769572157764614292219637716063870226056983453746140077093023495927127817977428936061647250170687003/2500000000000000000000000000000000000000000000000000000000000000000000000000000000000000000000000000000000000000000000000000000000000000000000000000000000000000000000000000000000000000000000000000000000000000000000000000000000000000000000000000000000000000000000000000000000000000000000000000000000000000000000 -76466185431078642691119463102970649534109248733905766855035484272761014846819990090616911603176413566907016394338167013448799112670456944645309858649623294276043207482545373558369762670180680676114732269025265738916833385947587133684974735131630012452524023480483580407757195711434569183358493189978949374137/100000000000000000000000000000000000000000000000000000000000000000000000000000000000000000000000000000000000000000000000000000000000000000000000000000000000000000000000000000000000000000000000000000000000000000000000000000000000000000000000000000000000000000000000000000000000000000000000000000000000000000000

-1
-6946494898983685562940678715937379241732644297840110466982433377976675411047218375850346705123318794155115459479909310297068166380909334501539477992852952329207682764399730545072568685576846117487119345063110957259224820053270465675139250125835957238817250043672803928029993849112702082917814134053142997980011/10000000000000000000000000000000000000000000000000000000000000000000000000000000000000000000000000000000000000000000000000000000000000000000000000000000000000000000000000000000000000000000000000000000000000000000000000000000000000000000000000000000000000000000000000000000000000000000000000000000000000000000000 679459593153415569001077441326566319152990064820178009022605325377392897408762064961039942267260602566248753697828692242394383481714980064257586986756835899203203303294611927528995529054301547925660031351597436032670652414383609096511054466229999176261878529694229264683362975190919469531338955367837087532557/2000000000000000000000000000000000000000000000000000000000000000000000000000000000000000000000000000000000000000000000000000000000000000000000000000000000000000000000000000000000000000000000000000000000000000000000000000000000000000000000000000000000000000000000000000000000000000000000000000000000000000000000
0 0

0 0

0 0

