1                                                

0.661320411744749945616e0 -0.210873087158946732924e0
0.100000000000000000000e1 0.000000000000000000000e0
-0.111634131484076444088e0 0.432869120358734566325e0
0.730711111582224341024e-1 0.729413823231372012974e0
-0.527809778072870556544e0 0.259301789507744640526e0
0.383450873572093450163e0 -0.828292431428154228058e0
0.204996267380777712067e0 -0.143646521999574928587e0
0.100000000000000000000e1 0.000000000000000000000e0
-0.978627889719715501817e-1 0.147149911560638346043e0
0.220575860312332861388e0 0.622743174983688456945e0

