1                                                

-0.350218424358620489251e0 -0.237396220604063297671e0
0.100000000000000000000e1 0.000000000000000000000e0
0.617522354882911914413e0 -0.527550760350753186788e0
0.730711111582224340686e-1 0.729413823231372012866e0
-0.712515268344407243239e0 0.185294129395673531677e0
0.396194202681641181296e-1 0.529180269780738824989e0
0.308890243543690085515e0 0.815468714306387100434e0
-0.420923563588451286520e-1 -0.752185560677438538093e-1
0.100000000000000000000e1 0.000000000000000000000e0
0.106884921745176843873e-1 0.918788439187227117021e-1

