1                                                

0.400160469303567616604e0 -0.129013499653987249516e0
-0.611788764271228033677e0 0.783082273875967272282e0
0.110594335854990934754e0 0.133680322752231466868e0
-0.615895120092000083133e0 -0.389026489676648658576e0
0.100000000000000000000e1 0.000000000000000000000e0
0.396194202681641181161e-1 0.529180269780738824989e0
0.308890243543690085515e0 0.815468714306387100379e0
-0.420923563588451286859e-1 -0.752185560677438538229e-1
0.100000000000000000000e1 0.000000000000000000000e0
0.106884921745176844203e-1 0.918788439187227117292e-1

