1

-0.351271181950313521173e0 0.669276560343312124622e0
0.100000000000000000000e1 0.000000000000000000000e0
-0.556640234495428671744e0 0.181658582512148133979e0
0.730711111582224340482e-1 0.729413823231372012974e0
0.630218426011927697783e0 -0.184059971163110118247e-1
0.100000000000000000000e1 0.000000000000000000000e0
-0.143136497037628471790e0 -0.956369868503000260349e0
0.294244890383857258468e0 0.213769751049433133380e0
0.678105497894616203805e0 0.334417308284830714228e0
0.795260342109674772828e-1 0.253941939119464515771e0
