1

0
-0.305654506992966523729903330367e-18 -0.272334727924171192051017251478e-18
-0.258240820536362182465541893976e-18 0.345991620222137277461906765285e-18
-0.417538418548269132807586369320e0 -0.553219472349896648260921965882e0
-0.271241014091119786367163386619e-18 -0.163082432131713119498210601747e-18
0.100000000000000000000000000000e1 0.000000000000000000000000000000e0
0.791491740607245219685004910211e-18 0.648999523347658068033507940707e-18
0.397396197539290879960974924115e0 -0.563999552415140247814743772603e0
-0.333750907385914845917158740422e0 -0.708705505490916548490747327600e0
-0.802805603114566042553498591057e0 0.491264836888342382700878882883e0
0.100000000000000000000000000000e1 0.000000000000000000000000000000e0

