1                                                

0.724192546837122004023e0 -0.401446248403909779863e0
0.580928258261432396172e0 -0.365942121461417347672e0
-0.422531300267407641313e-1 -0.819559245505831565845e-1
0.309372315230945216480e0 0.396997304446830315608e0
0.100000000000000000000e1 0.000000000000000000000e0
0.100000000000000000000e1 0.000000000000000000000e0
0.370298520354943164093e0 0.337642953301749339874e0
0.568109877128929388525e0 0.209778176121109148085e0
-0.389477541822004360189e0 0.427494440770230324983e0
0.605980775259101824839e0 0.245983310905941407308e0

