1                                                

0.576001788480197018515e0 -0.497495344652134176288e0
-0.259819895148072300603e0 -0.832748198211952233455e0
0.100000000000000000000e1 0.000000000000000000000e0
0.588432718607333981123e0 -0.250366059229884630117e0
0.304509142640882404069e0 0.716283166699294364930e0
0.612593847083447636979e0 -0.708981163330756966850e0
0.300864137836414705584e0 0.331878224149410557025e0
0.431875237916882535861e0 -0.693428287004647933860e0
-0.568467544001485009626e0 -0.142169518033961379011e0
0.100000000000000000000e1 0.000000000000000000000e0

