1                                                

0.268859442685504334202e0 0.804563985237834698402e0
0.100000000000000000000e1 0.000000000000000000000e0
-0.446704431626433380679e0 0.853804638689117482932e0
0.730711111582224340753e-1 0.729413823231372012920e0
-0.546901019757105952377e0 0.174063153918933701404e0
0.100000000000000000000e1 0.000000000000000000000e0
-0.149820273207301619633e0 0.486318930760781856557e0
0.770281525274594131079e0 -0.208074870638241566341e0
-0.177952877271026013362e0 -0.639704549811474514726e0
0.700046501698100659579e0 0.677571603457148225586e0

