1                                                

0.100000000000000000000e1 0.000000000000000000000e0
-0.132320112648409108040e-22 0.187622012433773239614e-24
0.532613001269451849420e-1 0.713543427785926710012e0
0.446844973672401898733e-23 -0.230574257935050304513e-22
0.226675307065687099958e0 -0.462320606714004791782e-1
0.457859354695824895612e0 -0.211599846226598328281e0
0.404907556617480173098e-23 -0.335293120323715328428e-23
-0.228714372650727716649e-23 -0.935322352611179205228e-23
-0.754881808649489978739e0 0.205419632911240258131e0
0.100000000000000000000e1 0.000000000000000000000e0

