1

0
-0.162954765734655712076757273400e-18 -0.890042173540211700738626382736e-19
-0.417538418548269133289716986632e0 -0.553219472349896648624352602946e0
0.125695035322141131396480551202e0 -0.711811257215878507702494969668e-1
0.100000000000000000000000000000e1 0.000000000000000000000000000000e0
-0.272772503651130485024388477115e-1 0.206619146749865821243205304361e0
0.100000000000000000000000000000e1 0.000000000000000000000000000000e0
0.682532796480768057028808748387e0 -0.193200734364532218153969749713e-1
0.168519592625643028286259911957e-1 -0.559164048400265358901925518124e0
0.196531579142475544189419508207e0 -0.309493117885938939432116897911e0
-0.252862927174309214874791224632e0 0.974830524525534736639381237860e-1

