1                                                

0.100000000000000000000e1 0.000000000000000000000e0
0.184886811786099380277e0 0.660340284532385615594e0
0.887252040559898595652e0 -0.300823916187187830518e0
0.865305060064884611266e0 0.346993215281327524701e0
-0.401808911266338741860e-1 0.256650043091981064190e0
0.100000000000000000000e1 0.000000000000000000000e0
0.682532796480768057018e0 -0.193200734364532218429e-1
0.168519592625643027927e-1 -0.559164048400265358842e0
0.196531579142475544195e0 -0.309493117885938939381e0
-0.252862927174309214850e0 0.974830524525534736747e-1

