1                                                

-0.405655520723147171524430117355e-22 0.307311436039156082598126908772e-23
0.100000000000000000000000000000e1 0.000000000000000000000000000000e0
0.734390911868534724036457752568e0 -0.171987676617596983256440489080e0
0.730711111582224340271998295465e-1 0.729413823231372013861329191908e0
-0.394584650596161770118381907554e0 -0.104009886874597382871182212971e0
-0.121387594105206716763517218763e-21 -0.340598554594517720972181796280e-20
0.312067987922224460354802641069e-21 0.595429239896658700056128860180e-22
0.100000000000000000000000000000e1 0.000000000000000000000000000000e0
0.307734103155409253462316583912e-21 -0.102135075688327030199587727734e-21
-0.418964538402246317241866991600e0 -0.839780228903242572180776044192e0

