1                                                

-0.363823729399327979925e0 -0.916360190305572474244e0
0.100000000000000000000e1 0.000000000000000000000e0
0.784300184717684123665e0 -0.366364105761248498062e0
0.730711111582224341295e-1 0.729413823231372012920e0
-0.308587896258871660421e0 -0.271422763332266415520e0
0.537214025452950795817e0 -0.780531369071016957006e0
-0.436235009026451291700e0 -0.298958655526827329874e0
-0.401411429616336152409e0 0.674297256373124853028e0
-0.719806917272205679917e0 -0.227240881455248041693e-1
0.100000000000000000000e1 0.000000000000000000000e0

