6
0
0
52
1.696659601450396e-01 1.262532463089293e+00
-3.932987592700460e-01 -3.941699187219528e-01
-9.142993277467263e-01 -1.084694546586213e-01
7.936205456171626e-01 -2.015161095310515e-01
-3.695048862219898e-01 -1.945897011322058e-01
3.009010890988144e-01 -8.359487777978521e-02
1.144391699630559e-16
1.171655469445066e+01
1.132686944458558e-16
3.906250000000000e-04
8.672051824130812e-15
0.000000000000000e+00
1
1
-1

2 0
3 6
679690686157258065428505787465026751903852368945427016126577135400840465121033801894713520288951409168868225025450210250594277043853820696305156128104334306641650447156959162435509947147006139157310116887342064145118297984193970479254296508729297667976163362420523688933176878710286269898671056176364551335333/1000000000000000000000000000000000000000000000000000000000000000000000000000000000000000000000000000000000000000000000000000000000000000000000000000000000000000000000000000000000000000000000000000000000000000000000000000000000000000000000000000000000000000000000000000000000000000000000000000000000000000000000 -6446707413521982769452661128522341623920808962486841585908395069331879886059142382038378741266639761033000178357268301663437134924859251081514320187581396415512265513261789532226729580807728213484145148570903519901958538674940506015248287668144877573482363144902793385880646410477259633246655480561488416551103/10000000000000000000000000000000000000000000000000000000000000000000000000000000000000000000000000000000000000000000000000000000000000000000000000000000000000000000000000000000000000000000000000000000000000000000000000000000000000000000000000000000000000000000000000000000000000000000000000000000000000000000000
0 0
0 0
38602100970148183415181829467398339256118893475676992951693466363421250772660008762144110908931988225903083025211760005768330617877577838236249173549145081891435685250768252947834556606733571594963802710099598129584391242985561199390508144497618911804753674214826083591395887101033944346448168365189261076443/125000000000000000000000000000000000000000000000000000000000000000000000000000000000000000000000000000000000000000000000000000000000000000000000000000000000000000000000000000000000000000000000000000000000000000000000000000000000000000000000000000000000000000000000000000000000000000000000000000000000000000000 -4325249125401171372556612715197731598257731482978072889115459301244712554690169587785270080178977773347013499666451296214811067141962717017878224240681169278165606908200895486156484616113840022755512092129487882711475462323305996284774169115138676545375492702551505268811957370443733377227646134954721425817471/5000000000000000000000000000000000000000000000000000000000000000000000000000000000000000000000000000000000000000000000000000000000000000000000000000000000000000000000000000000000000000000000000000000000000000000000000000000000000000000000000000000000000000000000000000000000000000000000000000000000000000000000
0 0
0 0
0 0
-1015629001623763497800813964646520966660926866375774435206289377299107892692102055988279965631576187715106505592213816747572984345391893591758688938286809983258653351414689530938905129568875600050312632016210125156806098233506190984156905761080923545776807480709825702211455428070439690646115698630294278556167/1250000000000000000000000000000000000000000000000000000000000000000000000000000000000000000000000000000000000000000000000000000000000000000000000000000000000000000000000000000000000000000000000000000000000000000000000000000000000000000000000000000000000000000000000000000000000000000000000000000000000000000000 1323219306674594194860409922766378339206808689369821943369031605314883062290317558120568870433398139617631960392813873876526490791307706042727271021191973837616806392647240631822218987434846897383188107571700971137715754552338943590864085912850048449656875946971840319133640105038530657797108205425843647826491/2000000000000000000000000000000000000000000000000000000000000000000000000000000000000000000000000000000000000000000000000000000000000000000000000000000000000000000000000000000000000000000000000000000000000000000000000000000000000000000000000000000000000000000000000000000000000000000000000000000000000000000000
0 0
0 0
-4110670161295356528981898138791958802339150422719311886629171594451121674272555878202407571517360069355680203155950053697328234023502557155081023135646280484495270759637605512133325978413081192862296712823260516426979312722953502333853217444670712490579155899561022256954929565869589448788346102370142151560259/5000000000000000000000000000000000000000000000000000000000000000000000000000000000000000000000000000000000000000000000000000000000000000000000000000000000000000000000000000000000000000000000000000000000000000000000000000000000000000000000000000000000000000000000000000000000000000000000000000000000000000000000 1190960600907619518892427066977825732771920544148621194492949323170308274052659552790070671999685041066439205110031020919464940984387424440681775628734636826646336700829094693385848161462920473046432524727464807172211445029451405601004787117308860725217403628947561776877223247623481442430228169009603033414703/2000000000000000000000000000000000000000000000000000000000000000000000000000000000000000000000000000000000000000000000000000000000000000000000000000000000000000000000000000000000000000000000000000000000000000000000000000000000000000000000000000000000000000000000000000000000000000000000000000000000000000000000
0 0
0 0
0 0
-4068165913785206793110072908171522857901555286827475380582059038639385276163617425955531406766519763272137935864164265176136010374236608963436458363586778314875959422246517306547007465767777249577837418303986017065686521737590265129213699981629706923493685639699307788939324578859612084889982278106618729361549/5000000000000000000000000000000000000000000000000000000000000000000000000000000000000000000000000000000000000000000000000000000000000000000000000000000000000000000000000000000000000000000000000000000000000000000000000000000000000000000000000000000000000000000000000000000000000000000000000000000000000000000000 672441292685689506641504400889666035866713987729779159308647143860059240594160598627296954700200602337275548643712580582758323067920474366781879034129931113932211687121814536616464784351369591196985710825309024542484395969507127693357744890566243049894473370985489795962747255712573541470305549408652386537783/5000000000000000000000000000000000000000000000000000000000000000000000000000000000000000000000000000000000000000000000000000000000000000000000000000000000000000000000000000000000000000000000000000000000000000000000000000000000000000000000000000000000000000000000000000000000000000000000000000000000000000000000
0 0
0 0
894197434008765387209706277394112952628627766204895483044563607411355805062522411084867550643676246161441874893134209332780188862475229864777577361155771088515807501605531386267925351981270718549521616645634594192604033452687638570815183587896144183521071704031447912481267106791287811865883515226936318361501/1250000000000000000000000000000000000000000000000000000000000000000000000000000000000000000000000000000000000000000000000000000000000000000000000000000000000000000000000000000000000000000000000000000000000000000000000000000000000000000000000000000000000000000000000000000000000000000000000000000000000000000000 785211821541884104313403394986253015803520543617845157122280731884969936942887445380885663476804990640337770319136623220294331838865964068688671955355275384369527211476877758048855296017809893266150229431423696135530543606655855221235738027916342713038727842501592677713093222910519512339295772053126015767787/2500000000000000000000000000000000000000000000000000000000000000000000000000000000000000000000000000000000000000000000000000000000000000000000000000000000000000000000000000000000000000000000000000000000000000000000000000000000000000000000000000000000000000000000000000000000000000000000000000000000000000000000

-1
-1615593688865148695510155786858988339655371093552930387227147519047388559016943158443996599380393277300351061549299006825623191994551404512975825048748212556251762454320067256595689478682909776305370396107674018794027251177524420089266032439336363763019766101246934557881114735034996235815358904039762047002127/2500000000000000000000000000000000000000000000000000000000000000000000000000000000000000000000000000000000000000000000000000000000000000000000000000000000000000000000000000000000000000000000000000000000000000000000000000000000000000000000000000000000000000000000000000000000000000000000000000000000000000000000 3396555710980751157836428299669333340162669754025744733386958580762328189311078374782889806070160071300795850046684827733958286050858909843829738150953331218877038046527725679097165058867690956983453927185062334932539804569562353946235950154435434630443303963590064656423990949335366294373604616469410018568247/5000000000000000000000000000000000000000000000000000000000000000000000000000000000000000000000000000000000000000000000000000000000000000000000000000000000000000000000000000000000000000000000000000000000000000000000000000000000000000000000000000000000000000000000000000000000000000000000000000000000000000000000
0 0

0 0

0 0

