1                                                

0.269051006732221745362e0 -0.307248311156593709593e0
-0.860957853945919116695e-1 -0.821228791945707987953e0
-0.995367208739501727136e-1 -0.543398969571307428525e0
0.100000000000000000000e1 0.000000000000000000000e0
0.461125959856353310603e-1 0.359603035817805241219e0
0.100000000000000000000e1 0.000000000000000000000e0
0.139189582521956017953e0 0.317169638225410612257e0
0.794015965441442324747e0 -0.276648190173643650306e0
0.343848841736427866209e0 0.805059690863559396435e-1
-0.756162441561668602200e0 -0.267952501522223184748e0

