1                                                

0.165826316018201901724e0 -0.473653364497020481203e0
0.201215785841675425080e-2 -0.410463642127577808642e0
0.287245998597813568447e0 -0.676643033903392426484e0
0.100000000000000000000e1 0.000000000000000000000e0
-0.266113691083369403097e-1 0.276824076835977408583e0
0.100000000000000000000e1 0.000000000000000000000e0
-0.346301016197313266202e-1 0.310793998815745229827e0
-0.150030562461451159810e0 -0.668808081939599483360e0
0.321306209497676963479e0 0.222859486076352195403e0
-0.526560250501220734293e-1 -0.170651722965280525210e0

