1

0
-0.583160007516477043351e-1 0.899369681712938793205e0
0.100000000000000000000e1 0.000000000000000000000e0
-0.684476694559685562525e0 -0.326682792036030939762e0
-0.716404862131618725926e0 0.273964072676982565925e0
-0.139289372283861770949e0 0.123947562572073543598e0
0.100000000000000000000e1 0.000000000000000000000e0
0.404319317925564732672e0 -0.318854964380337824116e0
-0.827392689639403435510e-1 -0.264946086907700542010e0
-0.469040104241421718350e0 -0.511634972450483862009e0
0.584886480580134084580e-1 -0.392936267968537335823e0

