1                                                

0.155460682165466706844e0 -0.142718711250888198290e0
0.284051724184347276388e0 0.770174690660857706129e0
0.100000000000000000000e1 0.000000000000000000000e0
-0.398920101933407857960e-1 0.528539066355229459324e0
-0.241438003824499302860e0 -0.149153379931064786136e0
0.100000000000000000000e1 0.000000000000000000000e0
0.706538951107049429572e0 -0.303173449062220005777e0
-0.181522132044932526607e0 -0.472584441478473154662e0
-0.112619639485886085389e-1 -0.747396790980355674291e0
0.145934931385092017919e0 0.281025339433622160440e-1

