1                                                

0.653351035747834658148e0 -0.459296610081358044116e0
0.100000000000000000000e1 0.000000000000000000000e0
0.323897908909362229314e0 0.441204631631752663506e0
0.730711111582224340618e-1 0.729413823231372012920e0
-0.314317599235459476796e0 0.799033177777451440873e-1
0.100000000000000000000e1 0.000000000000000000000e0
0.763679108942631242908e0 0.337854040002262574728e0
0.334742122812691610074e0 -0.890144818289252963048e0
-0.249758950369925607801e-1 0.367449853912444417332e0
0.169999118778587621057e-1 -0.392122536738542932128e0

