1

0.630675653976683186217e0 -0.593118961855873485676e0
0.100000000000000000000e1 0.000000000000000000000e0
0.431121576860805368774e0 -0.605997568620018460257e0
0.677448246344203685806e0 0.538557324605005208716e0
-0.431988071346996217330e-1 0.147666745400712392383e0
0.100000000000000000000e1 0.000000000000000000000e0
0.682532796480768057072e0 -0.193200734364532218497e-1
0.168519592625643028537e-1 -0.559164048400265358896e0
0.196531579142475544168e0 -0.309493117885938939489e0
-0.252862927174309214877e0 0.974830524525534736408e-1
