1                                                

0.702866214908791820336e0 -0.429232153098961419853e0
0.100000000000000000000e1 0.000000000000000000000e0
0.597115733817251810806e0 0.144952550427833608515e0
0.172475522541581617912e0 0.983076130191539641586e0
-0.125998283295177168064e0 -0.970458880643539448534e-1
0.100000000000000000000e1 0.000000000000000000000e0
0.490399223091764145617e0 0.845731355116003668686e-1
-0.480010247523744770754e0 -0.729240977599964869307e0
0.382584421022505830089e0 0.298569377381425328879e-1
0.337055856939526984468e-1 0.163550195333899364231e0

