1                                                

0.470272179929352018542e0 -0.595076792368952724416e0
0.100000000000000000000e1 0.000000000000000000000e0
0.349457511247679542367e-2 0.571179366284925765969e0
-0.352672502111611372991e0 0.532355011787707693705e0
0.117450085180400611435e0 -0.342710307337327086611e0
0.100000000000000000000e1 0.000000000000000000000e0
0.683808924937208150358e-1 0.572255797474822382664e0
-0.275335693911092052420e0 -0.783819336277429383475e0
-0.533098835752517985595e0 0.590049263992099620388e-2
-0.141226395013345358196e0 -0.705149335633958662846e0

