1                                                

0.190391753957390220839e-1 -0.339494875344721945369e0
0.100000000000000000000e1 0.000000000000000000000e0
-0.113663535680465516755e0 0.669654567004569711516e0
-0.758311696845163323206e0 0.432730500996267198157e0
0.168209207536899032007e-1 -0.460205839089729137626e0
0.100000000000000000000e1 0.000000000000000000000e0
0.197910587610415846798e0 0.178131432296387941361e0
-0.428496070657119917783e0 -0.414849074994291712069e0
-0.252838267267907243268e0 0.670033650182456414086e-2
0.223439516905954470776e-1 -0.529674043613686494462e0

