1                                                

0.590915792650601086561e0 -0.464220555562102817581e0
0.100000000000000000000e1 0.000000000000000000000e0
-0.108996611349321430202e-1 -0.875138066658712480208e-1
0.730711111582224341566e-1 0.729413823231372012920e0
0.612298071766428100930e-1 -0.123869342875708100599e-1
0.196505240015619813462e0 0.927808819139736714828e0
-0.784476190113581741488e-1 0.662814311094120363116e0
0.100000000000000000000e1 0.000000000000000000000e0
0.460283437223836169731e-1 0.300598271243407212106e-1
-0.678977977924065909617e-1 -0.364787239765882596869e-1

