1

0.245237546977095555341e-2 -0.479328504228286989024e0
0.100000000000000000000e1 0.000000000000000000000e0
0.732303310609644700878e0 -0.886410114037322637611e-1
0.730711111582224341295e-1 0.729413823231372012920e0
-0.287780002256264294969e0 -0.212533740009838988434e0
0.444073660064790480702e0 0.421783547708491416068e0
0.126104703638718920511e0 -0.335883103473158389943e-1
0.100000000000000000000e1 0.000000000000000000000e0
0.115182103180570361706e0 -0.758789129436141412784e-1
-0.282748151643813086856e0 -0.947767366823841051903e0
