1                                                

0.482560363787304938616e0 -0.721336156764117264408e0
0.100000000000000000000e1 0.000000000000000000000e0
0.504018692805747039597e0 0.167258596424097610094e0
0.730711111582224341024e-1 0.729413823231372012920e0
-0.530210816416945433430e-1 -0.219092326722980696851e0
0.685543091660280684102e-1 0.697359472602884398367e0
0.393264924432778399850e0 0.569186499315146308563e0
0.100000000000000000000e1 0.000000000000000000000e0
0.223307275240998628262e0 0.503042222252295473600e0
0.161816232948619543152e0 -0.726650973162236431095e0

