4
0
0
52
4.988674297273061e-01 -2.511269121144819e-02
5.580904951425828e-02 -2.836033773810549e-02
5.580904951425827e-02 -2.836033773810543e-02
-8.248609527896781e-01 2.405507684573333e-01
1.144391699630559e-16
4.621089943414307e+00
1.377301604457202e-16
3.906250000000000e-04
1.793915032314329e-13
0.000000000000000e+00
1
1
-1

2 0
1 4
2523212930323828928493858095665772382742000402955388690994565670991820279927268179851176010799490258713035472933022607459827420342640352036296558498837551222154484100091410531996956618831252552811487972067928248288233491557266575146606516340668269730730860754524302530193185092560016214662905613791354088975511/10000000000000000000000000000000000000000000000000000000000000000000000000000000000000000000000000000000000000000000000000000000000000000000000000000000000000000000000000000000000000000000000000000000000000000000000000000000000000000000000000000000000000000000000000000000000000000000000000000000000000000000000 1595387326887367098022064756547235207394162182864460438770743472376182811978808326871999662538717881032359619842015341549993067498902777913472446886324587845827159492793823662034653068247540267277243908242608664926446399805683141414458133132902440405885992957116511329631914920801528119387346565355867900622067/5000000000000000000000000000000000000000000000000000000000000000000000000000000000000000000000000000000000000000000000000000000000000000000000000000000000000000000000000000000000000000000000000000000000000000000000000000000000000000000000000000000000000000000000000000000000000000000000000000000000000000000000
577967797373581137823678799815056890824059345769886742628346592088217448384054544036347020070772793726222636288359919072969721943246876888528995132610342933935104461935656248923435273334254784064564966461514426074903106459118259199644094516007883462088806395836136942677214490977602857849275808096583577538847/1000000000000000000000000000000000000000000000000000000000000000000000000000000000000000000000000000000000000000000000000000000000000000000000000000000000000000000000000000000000000000000000000000000000000000000000000000000000000000000000000000000000000000000000000000000000000000000000000000000000000000000000 -427429951599309663011599255394183303089441447946426291200359454653496983496377619076260311043568036751536333246593075019655571758411323258407845577004516068771029444990165426722731590849887244974150525695591283771381430710396066843636323432794958305033892809034745374962846167573882004805894277752588732623027/2000000000000000000000000000000000000000000000000000000000000000000000000000000000000000000000000000000000000000000000000000000000000000000000000000000000000000000000000000000000000000000000000000000000000000000000000000000000000000000000000000000000000000000000000000000000000000000000000000000000000000000000
4611591261392320937817266376354050658601379180073809852310949627796441423746478606272902577510022110978827117980919799733081753945172177015599130738459224996665290169117970181136794135582660063852962308318684436513173060614939747360445242278971316894346122905603678522944860395730202643361916777551117732098297/5000000000000000000000000000000000000000000000000000000000000000000000000000000000000000000000000000000000000000000000000000000000000000000000000000000000000000000000000000000000000000000000000000000000000000000000000000000000000000000000000000000000000000000000000000000000000000000000000000000000000000000000 471048935134228428073469263529416724871589980585209150157384112177008164751844675363353539391880354772187420162103387687237248653338563365773494121490966275139695134857554668470246021417656807628954447997509446593165368023041905806615687056094468886270634547895957067096625380619320023609234181219912375711153/2500000000000000000000000000000000000000000000000000000000000000000000000000000000000000000000000000000000000000000000000000000000000000000000000000000000000000000000000000000000000000000000000000000000000000000000000000000000000000000000000000000000000000000000000000000000000000000000000000000000000000000000
-4552188516501568223077802340408866473044264584439490265347730283996180875017583865938342438626519285995580199088935417212257328072580527227802479790159163628856971823471602224481203815138590877431397533521406756512355624616690020592955185220523373894130273864256121082082133465692238666327247622025842704099279/5000000000000000000000000000000000000000000000000000000000000000000000000000000000000000000000000000000000000000000000000000000000000000000000000000000000000000000000000000000000000000000000000000000000000000000000000000000000000000000000000000000000000000000000000000000000000000000000000000000000000000000000 -166885600340623873154120562509732344296712978602468635078026608599559392923392482915780019950534361353712657190576024128806375433592582176109796130211004808468712318195552343488221095949907935350284283399402296719684128893425983389289789115469536823936234842303701671206810642071381635438468942282701783363707/1250000000000000000000000000000000000000000000000000000000000000000000000000000000000000000000000000000000000000000000000000000000000000000000000000000000000000000000000000000000000000000000000000000000000000000000000000000000000000000000000000000000000000000000000000000000000000000000000000000000000000000000

-1
-1218134069057372025412556225945961658995095592909329595275321823560067123439510408509366687984117579993136900975476946009238476882308075723452238837244885888782844041995688816032231305369845162007550783736369644603578771533973438735684994314585748726679680583294745424939041501314716328770250098732976628050751/2500000000000000000000000000000000000000000000000000000000000000000000000000000000000000000000000000000000000000000000000000000000000000000000000000000000000000000000000000000000000000000000000000000000000000000000000000000000000000000000000000000000000000000000000000000000000000000000000000000000000000000000 4433142313310904984647239022443282070133074235246845841194570110212605397399692239546247884049901690884338230821090952010336876456035857636980094815593798128785657653954363480752121997393223700986403322686552375331626869630711510948369003157381083607132138732017098613772494722155180301430480260729660363865243/5000000000000000000000000000000000000000000000000000000000000000000000000000000000000000000000000000000000000000000000000000000000000000000000000000000000000000000000000000000000000000000000000000000000000000000000000000000000000000000000000000000000000000000000000000000000000000000000000000000000000000000000
0 0

0 0

0 0

