1                                                

-0.591010493551738547244e0 0.466461485235844751092e0
0.100000000000000000000e1 0.000000000000000000000e0
-0.101367512950589894929e-21 0.829907067468750459783e-23
0.730711111582224340753e-1 0.729413823231372012920e0
-0.202213251183047720981e-22 -0.798102631748284323249e-22
-0.199575431498404398016e0 -0.923356332540340194706e0
-0.714503715876956820388e-1 0.663877981697515232842e0
0.100000000000000000000e1 0.000000000000000000000e0
0.376109937030216955324e-22 -0.480946715678201243726e-22
-0.424405886816061753942e-22 0.781329138305198728234e-22

