1                                                

-0.692522142448584788837e0 0.462630624459078903019e0
0.100000000000000000000e1 0.000000000000000000000e0
0.410033521705142070009e0 0.669356711043920138849e0
0.730711111582224340753e-1 0.729413823231372013029e0
-0.525529594141834305657e0 -0.345131413273344298540e-1
0.100000000000000000000e1 0.000000000000000000000e0
-0.823724624157987483117e0 -0.381562171838724009947e0
-0.432201196870235806210e0 0.834386185087226713757e0
0.107129613888367057107e-1 -0.501669460873142000106e0
-0.474496590190715895274e-1 0.483724015872020871471e0

