1

0
0.188384280908066070252618247675e-19 -0.615684086487561827562723549321e-19
0.100000000000000000000000000000e1 0.000000000000000000000000000000e0
0.224804924059300475452373507182e-1 -0.670089947845404837734985795241e0
0.730711111582224341080108242461e-1 0.729413823231372012339413329006e0
0.797800054693858295935721907362e0 -0.490915999209140419024867916285e0
-0.378066749669599060229238507468e-19 -0.209539109759900340328930294607e-19
0.126966772096344133375490448755e-19 -0.547537396693470854133299305427e-20
0.100000000000000000000000000000e1 0.000000000000000000000000000000e0
-0.330877873776431005824080915503e-20 -0.101306921477185359006375519837e-19
-0.418964538402246318377753676702e0 -0.839780228903242572811033309467e0

