1                                                

0.743125058207214987151e0 -0.614053139510670746353e0
-0.597645906318095442434e0 0.568591677104748140486e0
0.777658686174113502799e-1 -0.102901518526542573851e0
-0.458409279508338256867e0 -0.394383559824699218008e0
0.100000000000000000000e1 0.000000000000000000000e0
0.100000000000000000000e1 0.000000000000000000000e0
-0.338021160795837161453e0 -0.308058947788795231733e0
-0.564091562547605629712e0 -0.263511077934781239582e0
-0.342091553440339564386e0 0.348181729519659443516e0
0.543660617202050323123e0 0.301836744998244169239e0

