1                                                

0.100000000000000000000000000000e1 0.000000000000000000000000000000e0
0.686474514008372117408009668461e0 0.472394409965506142613222908857e0
0.780196537098612863922846345180e-1 0.714925946038474037581600756155e0
-0.501148640767327975828789256518e0 0.768821716075346833227868092896e0
0.131157759554858752031023565471e0 -0.168568405743912199094972994652e0
0.297847846327906753185938072155e-19 0.910760858428954608574940125708e-19
0.397396197539290880520985295863e0 -0.563999552415140247978473145586e0
0.333750907385914845764818707422e0 0.708705505490916548350615606382e0
0.802805603114566042350560125696e0 -0.491264836888342383012935535245e0
0.100000000000000000000000000000e1 0.000000000000000000000000000000e0

