1                                                

0.100000000000000000000e1 0.000000000000000000000e0
0.637099856156598291172e0 0.364954313358822398196e0
0.299900708616090656193e0 0.516971270335984669066e0
-0.226581864766955896185e0 0.884071048273044488941e0
0.323101054349126902884e-1 -0.742761323828108119944e-1
0.556510549797335273524e0 -0.727282950831605816194e0
0.100000000000000000000e1 0.000000000000000000000e0
-0.448823883031682500374e0 0.880795523199801154153e0
0.945231570907668782041e0 0.827987620161068674739e-1
0.728907927273952614905e0 0.489025860763928294634e0

