1                                                

0.662183580745894098370e0 0.546917242876898902564e0
-0.661648462758676308114e0 -0.139327259016352767053e0
0.594829417051684746322e0 -0.656925473060499832360e0
0.100000000000000000000e1 0.000000000000000000000e0
-0.170629070015553689854e0 0.593847751257142546873e0
-0.448114917004379170284e0 0.165618185081080289981e0
-0.407015424144016683191e0 -0.791781609594488137039e0
0.100000000000000000000e1 0.000000000000000000000e0
0.235639039313118204438e-1 0.941077160298938868144e0
-0.458748011255639642346e0 0.876726911569726804932e0

