10
0
0
64
0.186156754692894525413e1 -0.543536505099508234038e0
0.212317284503884959324e1 -0.355960983566618879219e1
-0.773844116984503580274e0 -0.405480946080458484792e1
0.449782199879632310115e1 0.101484080773508450078e1
-0.143997903510603799529e0 0.216829197777301155487e1
0.203286630776917074276e0 0.584645868013489452587e0
0.566987131103317752734e0 0.822530681261084091417e0
0.634684399453873313487e-1 0.715854171730889393571e-1
0.957073893567770352412e0 -0.367313985390582382727e0
-0.404558141795609248983e-1 -0.824794741023824002838e-1
2.64687482342872e-18
1.492734455896193e+03
2.28325208215954e-18
6.10351562500000e-6
7.20811003705861e-18
1.000000000000000e-01
1
1
-1

2 0
2 10
-533982987698660918168306298412256756767746299119904256362759608129554058248982622098224904390055643999844878715430263857832012719184303256136595655879605926742863835390226550207790548122986326770688039608607755549538805154748532381715333898561980776117347127429684411696268713667521158539865912440076074447983/1250000000000000000000000000000000000000000000000000000000000000000000000000000000000000000000000000000000000000000000000000000000000000000000000000000000000000000000000000000000000000000000000000000000000000000000000000000000000000000000000000000000000000000000000000000000000000000000000000000000000000000000 8685234265482542497894315964323427806524080097187894485563591832496434127450557616521318640800420976740224504685174479763053677927894409972441408282121013213735724850577850957355530806475392144423085808885579925063305073191169231017567180005630982880055952299542656498231975140090991813476610935040406929991059/10000000000000000000000000000000000000000000000000000000000000000000000000000000000000000000000000000000000000000000000000000000000000000000000000000000000000000000000000000000000000000000000000000000000000000000000000000000000000000000000000000000000000000000000000000000000000000000000000000000000000000000000
-2339486121187313047781944600627778538095028555226975944483042143344408191263073325202750317983771810548959996039297932883209105828668286432286687432622729869744444441815175173864261615733278367118916662839063410868497023472915706752351745320226685481302776909128993919508080066551992773674893909752451062725433/10000000000000000000000000000000000000000000000000000000000000000000000000000000000000000000000000000000000000000000000000000000000000000000000000000000000000000000000000000000000000000000000000000000000000000000000000000000000000000000000000000000000000000000000000000000000000000000000000000000000000000000000 -2681497214714150353550737181295678052762393965481821181700808054320440554176737530540188929421728061708770796780279784306683968256779166096171733080842489838929354569640427743700730824330153377528264552848357300103626922916466601387727086454037427765540134221769383719202796161347488215700176506308290921030067/5000000000000000000000000000000000000000000000000000000000000000000000000000000000000000000000000000000000000000000000000000000000000000000000000000000000000000000000000000000000000000000000000000000000000000000000000000000000000000000000000000000000000000000000000000000000000000000000000000000000000000000000
-542195839758291921708996522969200635488296696551992658828684625630061699446185736503777606046844005964737121942141278853164346538280281221565417024251811930356252017862103553081690217951026239776136988599665510100319263718663319394629953650789413644596848277376070790690507829893089937216359704148001842364591/2500000000000000000000000000000000000000000000000000000000000000000000000000000000000000000000000000000000000000000000000000000000000000000000000000000000000000000000000000000000000000000000000000000000000000000000000000000000000000000000000000000000000000000000000000000000000000000000000000000000000000000000 -6712867098189332893343319767194780559614595513158624280090913221548418565782142383781792409567236669467432212571735647079671291310854194973628725836380930554717368376699887244704367277137272236519712525273317080325445959532202792903084068475231794543649263121684001520800598802939014828538629298325801734319901/10000000000000000000000000000000000000000000000000000000000000000000000000000000000000000000000000000000000000000000000000000000000000000000000000000000000000000000000000000000000000000000000000000000000000000000000000000000000000000000000000000000000000000000000000000000000000000000000000000000000000000000000
4302373183510852058509485225699651353164510490951142076088354876186322929146913655635650362559001078205233222516156589714800311425632707375349714456384046783582322653761239646460919061982479231188338710163784870143540524051804449463092580729707493648152800856726615031166255686391579687391666381445382674153063/5000000000000000000000000000000000000000000000000000000000000000000000000000000000000000000000000000000000000000000000000000000000000000000000000000000000000000000000000000000000000000000000000000000000000000000000000000000000000000000000000000000000000000000000000000000000000000000000000000000000000000000000 -1463296703930853205342756363777002337616044181463668346041156426626702370569236052976224941576396257874995791214879974726044677097165262077199901671502907930896093547623387276703651615474262786414771917493955424550241332643668416123977140387510681927765915975636507434706639277633927082717352185668530363728401/2000000000000000000000000000000000000000000000000000000000000000000000000000000000000000000000000000000000000000000000000000000000000000000000000000000000000000000000000000000000000000000000000000000000000000000000000000000000000000000000000000000000000000000000000000000000000000000000000000000000000000000000
-2917226279493916735077268867049858314080008693969119288350201292443616724543022576682253280016567534053255407804820118502399988686118000332424291615376937257074877215558932473881713353710399083261035633066532645603933406871586378204061198091791706041234881592934065961534225809183624037995579846687117440311149/10000000000000000000000000000000000000000000000000000000000000000000000000000000000000000000000000000000000000000000000000000000000000000000000000000000000000000000000000000000000000000000000000000000000000000000000000000000000000000000000000000000000000000000000000000000000000000000000000000000000000000000000 -7509256767292886399021846168888911588300900737950473658290586771397134514091185023138773847322434352290214333972466709132804165526044544225720603739157562538607375094850382889540692070964429278963593826289551925137599526948264450639311690604134960693442922144584503489672665026908948393327389107814091790933507/10000000000000000000000000000000000000000000000000000000000000000000000000000000000000000000000000000000000000000000000000000000000000000000000000000000000000000000000000000000000000000000000000000000000000000000000000000000000000000000000000000000000000000000000000000000000000000000000000000000000000000000000
0 0
0 0
0 0
0 0
0 0
0 0
0 0
0 0
0 0
0 0
-5994437873025125776130571599614245032831668277733287625138986928724692621288853379320449495519432914810618609675052282316167932539749654995772825012024873302453791025458959149610525980448516334454850256756522290461976620842335736736056235022209393898727914614727908154582229109111493681702929370961681507781419/10000000000000000000000000000000000000000000000000000000000000000000000000000000000000000000000000000000000000000000000000000000000000000000000000000000000000000000000000000000000000000000000000000000000000000000000000000000000000000000000000000000000000000000000000000000000000000000000000000000000000000000000 5774043751257444289469169675654785043631078164045446074896257420333539485054285877725914103710261236140144010743669775578486041718703854768989627260484672083477842234689292991028790277285755158645740312306548677077317627999613625717153286165464201451737665999201913892989657350338720093505197092336013168601921/10000000000000000000000000000000000000000000000000000000000000000000000000000000000000000000000000000000000000000000000000000000000000000000000000000000000000000000000000000000000000000000000000000000000000000000000000000000000000000000000000000000000000000000000000000000000000000000000000000000000000000000000
1190247738731625972854384620669173305427776397945936826233466299377534116920322231810727027928789274963843542339005329467139523467336740784048127936882875900773068087525166356886968443764097771229112559154564704699582513469911572434172961088058389243092931315224279421155654141738087618203100951656873849464341/1250000000000000000000000000000000000000000000000000000000000000000000000000000000000000000000000000000000000000000000000000000000000000000000000000000000000000000000000000000000000000000000000000000000000000000000000000000000000000000000000000000000000000000000000000000000000000000000000000000000000000000000 -1861231743951003466703930038061901246307905620281974975264653028160814709226497235723451721119752667178482204513198924713975140863409784688543020470916113689493507956473576454043259917951630291855643362061149887566594187467621320094397798696226466581350966275536002005483578524066973297623385643148884919647557/10000000000000000000000000000000000000000000000000000000000000000000000000000000000000000000000000000000000000000000000000000000000000000000000000000000000000000000000000000000000000000000000000000000000000000000000000000000000000000000000000000000000000000000000000000000000000000000000000000000000000000000000
-746720934399889538489436918780838358144382984334490852869299332599759432610492019402067166212967997487295101121449798267091416816484042095658243634328439670244407711423180338282148225406196538821015122120805043880299764060819697794918515284482843475602912747288198319311520913531480176478173375784549642623441/2000000000000000000000000000000000000000000000000000000000000000000000000000000000000000000000000000000000000000000000000000000000000000000000000000000000000000000000000000000000000000000000000000000000000000000000000000000000000000000000000000000000000000000000000000000000000000000000000000000000000000000000 7270665864687315982211731548811088889777263920923759099933160377753108473985665665542052975987303083683975721014383299750935444133282604979886261163825213491501150570725316999333368069449952184098362731744354376655285861700245382455327917556612773335887326691345837603205971403133667573809288373697794907896157/10000000000000000000000000000000000000000000000000000000000000000000000000000000000000000000000000000000000000000000000000000000000000000000000000000000000000000000000000000000000000000000000000000000000000000000000000000000000000000000000000000000000000000000000000000000000000000000000000000000000000000000000
8678222879773622666703944910596945921218072546061874929636899622622656525346016316787994376144004400900183375766065331607745742497558611428287615362585342321951226089938726217110871268335063382328445807418423008455612482646605491993373933610365045513665889022846119778787405498736562038225945387929087918310469/10000000000000000000000000000000000000000000000000000000000000000000000000000000000000000000000000000000000000000000000000000000000000000000000000000000000000000000000000000000000000000000000000000000000000000000000000000000000000000000000000000000000000000000000000000000000000000000000000000000000000000000000 -7772102946604469298970388219982233932837981731649806822352001506427139485731661410937610363963164881399859902141965492503091413228620116272351270973640931347892528378311274341298294877524227974177042111753515194400092831643942763237348274505807618801608942867264471427040831362469964737344208155412778220773843/100000000000000000000000000000000000000000000000000000000000000000000000000000000000000000000000000000000000000000000000000000000000000000000000000000000000000000000000000000000000000000000000000000000000000000000000000000000000000000000000000000000000000000000000000000000000000000000000000000000000000000000000
3999937700545328951993188493378272807609045629471538641781115970342903369583835264176464838724890253072366904614666843674911633281239576272540941192421351066160395264687641392796210610450360906467570345040243252953055056764173065936803472732885446524632237272739816739457426041702274922187579501968760330203/8000000000000000000000000000000000000000000000000000000000000000000000000000000000000000000000000000000000000000000000000000000000000000000000000000000000000000000000000000000000000000000000000000000000000000000000000000000000000000000000000000000000000000000000000000000000000000000000000000000000000000000 457760680513695232431216633795831522396870167326844003294117480116106603134685426419985271083579972610312829994743055541516229076826364856813757545370358357116348379605816551330439282418615563554784709449153919460933432083936277667078489667475599334623713748175195998019223935333684598926057545013877022768843/625000000000000000000000000000000000000000000000000000000000000000000000000000000000000000000000000000000000000000000000000000000000000000000000000000000000000000000000000000000000000000000000000000000000000000000000000000000000000000000000000000000000000000000000000000000000000000000000000000000000000000000

-1
-6175653683987692703822356737404919630393608798221636368712047673886855989526913877665122939354105481689227036270513873204363448010067809241112935893894686323401799880391549856082528710007885436638267253824138027498487358174981092332292501900731422307418293146783899516407992931963214555837051526836542592547819/10000000000000000000000000000000000000000000000000000000000000000000000000000000000000000000000000000000000000000000000000000000000000000000000000000000000000000000000000000000000000000000000000000000000000000000000000000000000000000000000000000000000000000000000000000000000000000000000000000000000000000000000 967581747655331641106708923995600984318891055672229840729111129525377815398427176880457634237850717196338845250360671688255198047913797499868753971170886353211554930383703285520491812020377176059927611267284867618452882044874831156452420024795773179430768662340722374815666859375454573559433485684659028679951/1250000000000000000000000000000000000000000000000000000000000000000000000000000000000000000000000000000000000000000000000000000000000000000000000000000000000000000000000000000000000000000000000000000000000000000000000000000000000000000000000000000000000000000000000000000000000000000000000000000000000000000000
0 0

0 0

0 0

