1                                                

0.733651258800242652813e0 -0.889895895105111632675e-1
-0.274313812173322746558e0 0.128956672801456306458e0
0.238943185158854839165e0 -0.726684232534880788416e0
0.100000000000000000000e1 0.000000000000000000000e0
0.100675078850850600945e0 0.487955133360679556254e0
-0.164281766108455435819e0 0.837043661942611192262e0
0.100000000000000000000e1 0.000000000000000000000e0
0.350697295552628331150e0 0.853269597399719625079e-1
-0.419564698125429396796e0 -0.471422482344946191569e0
-0.191341729196253492067e0 0.939217016244972754065e-1

