1

0
-0.182956799137817598892e-1 -0.940158888785731701205e0
-0.423167061518161623961e0 -0.399372801772659111072e0
0.741339743564621971212e0 -0.135601204901365781226e0
0.100000000000000000000e1 0.000000000000000000000e0
-0.330273317491169564233e-1 -0.781290935841682223328e-2
-0.882229158026612604116e0 -0.434657915473292892183e-1
0.779807504023666720486e-1 0.204122232461011902883e0
-0.140518663152073424103e0 -0.408648921271557377942e-1
0.100000000000000000000e1 0.000000000000000000000e0
0.175019288023449472771e0 0.939114515114080565972e0

