1                                                

-0.170989207611921999961e0 -0.955311641050887892118e0
0.521146010906064215595e0 -0.619968220391289146572e0
0.359737283865399023493e0 -0.763792114700315682518e0
0.100000000000000000000e1 0.000000000000000000000e0
-0.828881937900423904471e-1 0.835714276697476207212e-1
0.100000000000000000000e1 0.000000000000000000000e0
0.953679734173734299982e0 0.142087563398281611254e0
0.266895579011184301836e-1 -0.798721883113840489671e0
0.733422539848670248022e0 -0.304385809471709441816e0
-0.376915386409719968362e0 0.528372365959468755290e0

