1

0
0.323081292810656517590e0 -0.138143866423686822572e0
-0.505610462538808221381e0 -0.712812235060473129312e0
0.271244919787540494712e-1 -0.382666510799884161074e0
0.100000000000000000000e1 0.000000000000000000000e0
0.366822995551657793976e-1 0.387789431177641614096e0
-0.329749490516735001695e-18 -0.623165443214758165500e-18
-0.397396197539290882986e0 0.563999552415140246965e0
0.333750907385914843490e0 0.708705505490916549201e0
-0.802805603114566043233e0 0.491264836888342381927e0
0.100000000000000000000e1 0.000000000000000000000e0

