1                                                

0.284564281518986620908e0 -0.953875767731701383080e-1
-0.589562096913476708883e0 -0.639730454666146558789e0
0.118463035424798190274e0 -0.392860171330196970179e0
0.100000000000000000000e1 0.000000000000000000000e0
0.548726630238139270697e-2 0.389260453190994625201e0
0.426685030329102008852e0 0.522135072859122056259e0
0.203455001195263591172e0 -0.805689640659760849899e0
-0.418517073549321447923e0 -0.189666730318283123678e0
0.100000000000000000000e1 0.000000000000000000000e0
-0.506022407102931268130e0 -0.108084600914949862776e0

