1

0
0.549743811234704090175e0 -0.268597899145647242759e-1
-0.375143508702993181011e0 -0.270856686847396210913e0
0.963255933938456329905e-1 -0.623227424145016641391e0
0.100000000000000000000e1 0.000000000000000000000e0
0.622462777183719306569e-1 0.480532966949019655988e0
-0.574551009562224942730e-18 0.808043200201320506848e-18
-0.397396197539290881631e0 0.563999552415140246368e0
-0.333750907385914844682e0 -0.708705505490916550827e0
0.802805603114566041824e0 -0.491264836888342383336e0
0.100000000000000000000e1 0.000000000000000000000e0

