1                                                

0.322640386298841163497e0 -0.405565018623514761419e0
-0.888272793701753669973e-1 0.540087704113825203103e-2
0.479845937955277539579e0 -0.749462955827316673618e0
0.100000000000000000000e1 0.000000000000000000000e0
-0.188594271578990199361e-1 0.313001394211198703577e0
0.100000000000000000000e1 0.000000000000000000000e0
-0.362396469916636743114e0 0.694128899704860789338e-1
-0.984320066876053668885e-1 -0.122107757988729488863e0
0.638119904526563706248e-1 0.367727266135457871166e0
0.873105145666887100334e-1 0.120065411087906798084e0

