1                                                

-0.807526606441188886612095530942e-21 0.403481964489485803109862823705e-20
0.100000000000000000000000000000e1 0.000000000000000000000000000000e0
-0.498539595429319789902666531879e0 0.481491500877329611280208548389e0
0.730711111582224332398759050390e-1 0.729413823231372013434332536673e0
0.586753833630454658335883905328e0 -0.197956532982469744170038015019e0
-0.266941849342987218050726781195e-19 -0.380567755474819616983366749493e-20
0.100000000000000000000000000000e1 0.000000000000000000000000000000e0
0.620466110967136265847409202044e-20 -0.889108275933157402543872920604e-21
-0.292710801128752162530717342955e0 0.924947074987189975903346898889e0
0.718230560630658460911899296681e-20 0.171943634722059956374534654401e-20

