1                                                

-0.138349394398216894676e-1 0.994323080924324867501e0
0.760130433565331771408e0 -0.449820026958632321725e0
0.100000000000000000000e1 0.000000000000000000000e0
0.383648521035735000839e0 0.521580796510320241865e0
-0.995607557993263551677e-1 0.194430675378731595292e-1
0.100000000000000000000e1 0.000000000000000000000e0
0.229415852542125431405e0 0.475696812738911509850e0
-0.276501426360909441675e0 0.375387021001439066944e0
-0.108134224932067229773e0 0.738302722976463057249e0
0.187375764083592852914e0 0.587250239886756565688e0

