1                                                

0.623669077307937066664e0 -0.408696871735932084111e0
0.100000000000000000000e1 0.000000000000000000000e0
0.510816884087997801996e-1 -0.309596590762860930310e0
0.730711111582224340753e-1 0.729413823231372013029e0
-0.151134159139479677089e0 -0.208679431894771434639e0
0.100000000000000000000e1 0.000000000000000000000e0
0.426653655458913467374e0 0.537529815644362664415e0
-0.133536091837916222699e0 -0.706003882946944167915e0
0.416774267561395856280e0 -0.151599472583569521125e0
-0.723928254467090174346e-1 0.428436890450548069060e0

