1

0
-0.624261477202856965394e0 0.754399588252468019430e0
0.100000000000000000000e1 0.000000000000000000000e0
0.243054378899860203377e0 0.129012415760545144099e0
0.730711111582224340753e-1 0.729413823231372012920e0
-0.453276310895660790692e0 -0.152733737376881196720e0
0.100000000000000000000e1 0.000000000000000000000e0
-0.171600158471530079879e0 -0.856475598375878044801e0
0.551826964159051003051e0 0.379031617973204455508e0
-0.226240491077669121935e0 -0.139577347198812862502e0
-0.352822639548331449044e-1 -0.187360279616843484739e0

