1                                                

-0.702637497613482771123e0 0.648250341065200334117e0
0.100000000000000000000e1 0.000000000000000000000e0
0.110483448335024343889e0 -0.135031259553172983627e0
0.730711111582224340618e-1 0.729413823231372012920e0
-0.428122679197920381189e0 -0.826207979535433064943e-1
0.100000000000000000000e1 0.000000000000000000000e0
-0.136220785566733949991e0 -0.774564975143251626885e0
0.473692322148494027807e0 0.538741001428393373354e0
-0.417976761140476834743e0 0.502287481938655978609e-1
-0.213000465256244028958e0 -0.289413829844843164066e0

