1                                                

-0.123956840648107721195544606215e-19 -0.264114768027932563323953381066e-19
0.100000000000000000000000000000e1 0.000000000000000000000000000000e0
0.224804924059300474646445235405e-1 -0.670089947845404837789514382423e0
0.730711111582224341249164160789e-1 0.729413823231372012604246451827e0
0.797800054693858295759376348552e0 -0.490915999209140419769164519187e0
-0.390363626423458703284104242624e-19 -0.272715279364886050423661735632e-19
0.570309506802801527822049328522e-20 -0.165320412702605044574072255610e-20
0.100000000000000000000000000000e1 0.000000000000000000000000000000e0
-0.380824190227606726147433617529e-20 -0.418771100283470713881435960958e-20
-0.418964538402246317462265764396e0 -0.839780228903242572238423548843e0

