1                                                

0.364135949984758353336e0 -0.435306505049656817716e0
0.100000000000000000000e1 0.000000000000000000000e0
0.146139824459475653663e0 -0.688017695351611036601e0
0.730711111582224341024e-1 0.729413823231372012920e0
0.902899617806664046143e0 -0.294248654156127661719e0
-0.984778393663171251290e-1 -0.700514408075715800045e0
-0.251924912960320611261e-1 -0.178267838089844073423e0
0.100000000000000000000e1 0.000000000000000000000e0
-0.786376257671479482670e-1 -0.160101466350451390242e0
-0.259675409167287635372e0 -0.890002454965686073344e0

