1                                                

0.495499049481375287670e0 -0.307852795389772533006e0
0.109272693633779300368e0 0.797205998781691367347e-1
0.100000000000000000000e1 0.000000000000000000000e0
0.562505535841457523485e0 0.762118694759310066650e0
-0.218617862327015392371e0 0.384812187345958163165e-1
0.100000000000000000000e1 0.000000000000000000000e0
-0.159194517186257433912e0 0.581987671464332457876e0
0.169182974723557149547e-1 -0.550298545767923694800e0
0.564814065799559078692e0 0.432522792434305839148e0
-0.265839194033626182638e0 -0.286813597496508219020e0

