3
0
0
52
1.483477422823150e-01 2.271874412164077e-01
1.483477422823150e-01 2.271874412164077e-01
5.933909691292601e-01 9.087497648656349e-01
1.056057526762798e-15
9.650644396632783e+00
2.448496633416654e-17
3.906250000000000e-04
4.406329598516372e-12
0.000000000000000e+00
1
1
-1

2 0
1 3
572299876263566198651072653523444884301916207698515810485846774183918163103250150697292200039180345357910194605957719636740890889647581765246578149141982689274554048338244736293908921968138225617024763199983839174123320962268280097693434972027995074390535072036403225581251991538053946080348984251323038601307/1000000000000000000000000000000000000000000000000000000000000000000000000000000000000000000000000000000000000000000000000000000000000000000000000000000000000000000000000000000000000000000000000000000000000000000000000000000000000000000000000000000000000000000000000000000000000000000000000000000000000000000000 -1958110387316923064742519001197529303177755972704116099680630364047845836660317467837969636050326148542588612533170087389975126224506135389037162837798518215465955727971275611847400045046294216828770751061839257290677739130638921248820459413311238009674127940417282410826220240029634874797556601207949046277601/10000000000000000000000000000000000000000000000000000000000000000000000000000000000000000000000000000000000000000000000000000000000000000000000000000000000000000000000000000000000000000000000000000000000000000000000000000000000000000000000000000000000000000000000000000000000000000000000000000000000000000000000
-3919738035029133714215048453938343585342684531715462310516700143967026508703228869622847232662869773065508525034131021689539092112327453246207478559890705602551366508004984617103882303492415365178950462310117289281451526884754254306311660459266286775780707623706069625565039703263790804544192342230049016512261/5000000000000000000000000000000000000000000000000000000000000000000000000000000000000000000000000000000000000000000000000000000000000000000000000000000000000000000000000000000000000000000000000000000000000000000000000000000000000000000000000000000000000000000000000000000000000000000000000000000000000000000000 2840282977586333915585571135754760899614128071588193324042951062299765323064494394616516881776258576506865493574518389358380844827835061024287295413155461414857829316391264681945535797248893512259365446071526879364491795018092572052254613545648145676694982631858719134990000062558190247579265269841096793577469/5000000000000000000000000000000000000000000000000000000000000000000000000000000000000000000000000000000000000000000000000000000000000000000000000000000000000000000000000000000000000000000000000000000000000000000000000000000000000000000000000000000000000000000000000000000000000000000000000000000000000000000000
1391663765263067106339013740513124990347742104890085364653227353672737901940941129542995043975832158925646860750980594982680123940160401687472890383930156832115484616275003389310682985904938163449836894207588670646579787943742030253117058842007313464846544138642321574297874193018992281469585152016250860594589/2500000000000000000000000000000000000000000000000000000000000000000000000000000000000000000000000000000000000000000000000000000000000000000000000000000000000000000000000000000000000000000000000000000000000000000000000000000000000000000000000000000000000000000000000000000000000000000000000000000000000000000000 -8645357883890448048252733507516408707589625941836362829270331619590386566827607408833227000505739942795995368800687064562138157029530211987405547685617331484594995213761287235243287065737646776348258539672954961085590124002448457847860580169987155584373155720561632998605221285502720021837066881566660923764859/10000000000000000000000000000000000000000000000000000000000000000000000000000000000000000000000000000000000000000000000000000000000000000000000000000000000000000000000000000000000000000000000000000000000000000000000000000000000000000000000000000000000000000000000000000000000000000000000000000000000000000000000

-1
1885033156389098346462471983092008495934945802234616099281162523211476290302724332392659080502315222277227133683319421451381816528632971988406552298317463632911381349274318649632904355831187335294784254120043323694196565640276674100079046601110738595170147147862308381039639927887857718044363601344608714165387/10000000000000000000000000000000000000000000000000000000000000000000000000000000000000000000000000000000000000000000000000000000000000000000000000000000000000000000000000000000000000000000000000000000000000000000000000000000000000000000000000000000000000000000000000000000000000000000000000000000000000000000000 -8854167226446117315514294211096879983217981130415630218560347831555915145584619325372917349870610523366490844827715088753571786622626324363632958223163120800197783838653352461918703104157609762118478381682926444114596316374032650382239986620274259273469215555638663477445230485631253974563273612824666872221667/10000000000000000000000000000000000000000000000000000000000000000000000000000000000000000000000000000000000000000000000000000000000000000000000000000000000000000000000000000000000000000000000000000000000000000000000000000000000000000000000000000000000000000000000000000000000000000000000000000000000000000000000
0 0

0 0

0 0

