1                                                

0.100000000000000000000e1 0.000000000000000000000e0
0.651489121805047468168e-23 0.259261641247134908117e-23
-0.189141323416786053877e0 0.758829654112772646079e0
-0.228369536800221912215e-23 0.860664215840173960360e-24
0.636266000349347058524e0 0.156929375398455822421e-1
0.100000000000000000000e1 0.000000000000000000000e0
0.842271549779014665832e-24 -0.421532477535941608569e-23
0.196637044318958312265e-23 -0.198809645640874433763e-25
-0.139175571035899504191e0 -0.724522151112609771330e0
0.269739544361866672323e0 -0.770454930972715388779e0

