1                                                

0.100000000000000000000e1 0.000000000000000000000e0
-0.909452062724356653171e-22 -0.923741093353818818081e-23
0.390380259318309938866e0 0.571100502781471466309e0
-0.256926457467559817897e-22 -0.698126761222760112795e-22
0.348755706830464626197e0 0.846240328634328607639e0
0.100000000000000000000e1 0.000000000000000000000e0
0.574426291155628205282e-22 -0.266142794324728850434e-23
-0.294497708088425684186e-22 0.612836612973960750384e-22
-0.139175571035899504245e0 -0.724522151112609771222e0
0.269739544361866672269e0 -0.770454930972715388887e0

