1

0
0.100000000000000000000e1 0.000000000000000000000e0
0.000000000000000000000e0 0.000000000000000000000e0
-0.580631585165154009815e-1 -0.769761549626920195754e-1
0.000000000000000000000e0 0.000000000000000000000e0
0.180343727674511805178e0 0.234309052932450165489e0
0.100000000000000000000e1 0.000000000000000000000e0
0.000000000000000000000e0 -0.000000000000000000000e0
0.000000000000000000000e0 -0.000000000000000000000e0
-0.829844657975955054706e-1 -0.285766631349675496196e-1
-0.908917355778645598218e-1 0.247177220923239855540e-1

