1                                                

0.100000000000000000000e1 0.000000000000000000000e0
-0.365615561090911231010e-370 0.982775180599558759683e-371
0.104137525762765091024e0 -0.653965789861849124476e-1
0.423514202323263572906e-371 -0.594915179184473895229e-371
0.126446603319900694246e0 0.213103216192229588419e0
0.100000000000000000000e1 0.000000000000000000000e0
-0.495508406605998533015e-370 0.974955468260000437208e-371
0.893484445641074362296e-371 -0.690373875905473331459e-371
-0.370900256117127727079e-1 0.414658467330877432652e-1
-0.663491654516564088878e-2 0.585054340075658571821e-1

