1                                                

-0.368331027738604416944e0 -0.423409043324975078629e0
0.753766560716431388120e-1 -0.381089719626125148774e0
0.393906487064071240804e0 -0.695658004423221914387e0
0.100000000000000000000e1 0.000000000000000000000e0
-0.165169913095810229166e0 0.159690899075471962775e0
0.211153684948923871828e0 0.475426936228524613039e0
0.409684682106553803153e0 0.606146015513687312333e0
-0.910308429100682692158e-1 -0.105507760201073447071e0
0.100000000000000000000e1 0.000000000000000000000e0
0.151728974854464727678e-1 0.177591423984340759541e0

