1                                                

0.109872501748086913541e0 -0.285067654549894708324e0
0.154054999480884460968e0 0.679118305806702944475e0
0.100000000000000000000e1 0.000000000000000000000e0
0.830883860220414632695e-1 0.421535976032839069302e0
-0.205656710209830088517e0 -0.153774012420355936625e0
0.100000000000000000000e1 0.000000000000000000000e0
0.880232984586596400346e0 -0.177300500650279595346e0
0.552229167335959030840e-2 -0.151301631533674138896e0
0.178292135015406753347e0 -0.933862651156419785862e0
-0.452521112520765976434e-1 -0.109626853078593906552e0

