1                                                

0.511841402626408916163e-1 -0.157086473607258025575e0
0.354585762165776766748e0 0.767326699969087205270e0
0.100000000000000000000e1 0.000000000000000000000e0
-0.108575364272832842982e0 0.517486438880510925709e0
-0.265298353669317759198e0 -0.190858781059940022185e0
0.100000000000000000000e1 0.000000000000000000000e0
0.304617947701859305236e0 -0.117915819935047187977e0
-0.819001366515807269360e0 -0.184455368155555934700e0
0.151735097560609132059e-1 -0.339270905397010906279e0
0.511781529942273538821e0 -0.422132975853065447596e0

