10
0
0
64
0.998480664619645184247e0 0.600525143906744864920e0
-0.326548531831737932169e0 0.131570553569175838302e1
-0.532735454473299425569e0 0.829988441683669979268e0
-0.983555069103637129389e0 -0.142048947623958277968e0
0.468946121439772267377e0 -0.614831057218089057904e-1
0.168632086110938678538e1 0.837992868550906287945e0
0.501354612385136920395e0 -0.756910596909668977050e0
0.112073356990778453222e1 -0.850000762660034993009e0
0.649057127685123315213e0 -0.726538326956277805515e0
-0.642805634017261016001e0 -0.125771098836186407863e1
9.19976050010024e-19
1.054780396630835e+03
3.54869191902918e-19
6.10351562500000e-6
2.19965490129211e-17
1.000000000000000e-01
1
1
-1

2 0
2 10
-4392169016854633154349417491504334548206490929274244287579100221587639629495142252107255575256339553780357305334783456478905650828384046629858017933299157367673812744042257506392691731023107028081402566950453330862169407295545731144708677215836268913553980738655313047805814182121276016534976452249044384902113/10000000000000000000000000000000000000000000000000000000000000000000000000000000000000000000000000000000000000000000000000000000000000000000000000000000000000000000000000000000000000000000000000000000000000000000000000000000000000000000000000000000000000000000000000000000000000000000000000000000000000000000000 3605701401511179263608980716335703405520017259886029522309201034679667542580477682664294971730461038766204921477155886521096305027253563428542840799690732117729604638774843472875940280152875213167508715111084027831271411094220218466981214634502318619056577297936502965338661461419094832704434833250415804868351/5000000000000000000000000000000000000000000000000000000000000000000000000000000000000000000000000000000000000000000000000000000000000000000000000000000000000000000000000000000000000000000000000000000000000000000000000000000000000000000000000000000000000000000000000000000000000000000000000000000000000000000000
-315080082909925784447346048572604996322112051054620430450229196214387980061008066359727507138823222974504471113295504724446814996547401630248136007745103184483870545309265103731237878954266087139182423448047813885385620550125277158852227962886401470402759069171123003373964364986441946136074694309485071513387/625000000000000000000000000000000000000000000000000000000000000000000000000000000000000000000000000000000000000000000000000000000000000000000000000000000000000000000000000000000000000000000000000000000000000000000000000000000000000000000000000000000000000000000000000000000000000000000000000000000000000000000 -1005652970836062084904079057492429514239641819781417571829432559519876264955655844127218211268152211417782568396309270259072971601675311716688685289885667113078896969715326110236644230314119373686901846544946674295770649461406380782861634556474556816980186877420550284882576727533444732411154262184562731023683/2500000000000000000000000000000000000000000000000000000000000000000000000000000000000000000000000000000000000000000000000000000000000000000000000000000000000000000000000000000000000000000000000000000000000000000000000000000000000000000000000000000000000000000000000000000000000000000000000000000000000000000000
-4121176028306742900478997785327862224321861238999054480638048748096442745975815706962074941316597588093222190781089421456949674319196869413716643566238125875381420453794377764973984104237065135246617459338677269798579050427332529065754094574795925476322996330989764169004589806723906153892108171739970676851033/10000000000000000000000000000000000000000000000000000000000000000000000000000000000000000000000000000000000000000000000000000000000000000000000000000000000000000000000000000000000000000000000000000000000000000000000000000000000000000000000000000000000000000000000000000000000000000000000000000000000000000000000 -1613964557543439056274783127147023003572345852441885941234310490478773824636671173858837148981348726787110314746189217409291773259700345269342174225550821666468002492645721121411832979378829210846578547676129346422202892260452117478432385069093541512214723136132175103657402266036611619775625406646203420053337/2500000000000000000000000000000000000000000000000000000000000000000000000000000000000000000000000000000000000000000000000000000000000000000000000000000000000000000000000000000000000000000000000000000000000000000000000000000000000000000000000000000000000000000000000000000000000000000000000000000000000000000000
-6362877759751920710490835833805089913426614975572689186705832306265015854354914083019450585290536766842046034776148456279090196341813858407775544131039128634453313745967787115697295030007743927824100562257116225091661243971602646783570348986935681157274675037174992470769773273621772368615689895024293723703709/10000000000000000000000000000000000000000000000000000000000000000000000000000000000000000000000000000000000000000000000000000000000000000000000000000000000000000000000000000000000000000000000000000000000000000000000000000000000000000000000000000000000000000000000000000000000000000000000000000000000000000000000 -556161009351936905799078592811398194061505891250440763655234361291455324652792713823810713230144903273543309176636430199516397997423280372308434290223588175242712433539841218258973821100382909694599402336889260909543009468128552776562225110417489399113114611131462185874360093100861127276234395601540680629779/1250000000000000000000000000000000000000000000000000000000000000000000000000000000000000000000000000000000000000000000000000000000000000000000000000000000000000000000000000000000000000000000000000000000000000000000000000000000000000000000000000000000000000000000000000000000000000000000000000000000000000000000
-1692105669911647157738943461564213113908686375634314259763496101503382314733160524294514782302538647959191493924703920081917114051975841152699893133455156097464174672403184984953040634929189453933793324489942357077713565274069574691673821567689626640231223024643066044925348116574599492459933750478331816537983/10000000000000000000000000000000000000000000000000000000000000000000000000000000000000000000000000000000000000000000000000000000000000000000000000000000000000000000000000000000000000000000000000000000000000000000000000000000000000000000000000000000000000000000000000000000000000000000000000000000000000000000000 -9907975173508247421453017366820992068361046394829314133045621472772059093555605938994207304403032189767816312601357072692018331749533809308747227028481204434537420281318403461981700623985093228867622855263103844561456414879614869024602957140161919860537847692470618874128016841504826568610022318943599877137923/10000000000000000000000000000000000000000000000000000000000000000000000000000000000000000000000000000000000000000000000000000000000000000000000000000000000000000000000000000000000000000000000000000000000000000000000000000000000000000000000000000000000000000000000000000000000000000000000000000000000000000000000
0 0
0 0
0 0
0 0
0 0
0 0
0 0
0 0
0 0
0 0
-314554799914009981660970631128366493739076230331783071233981252288071482441095287515081060531733191898077836690212494503990187990936587724331596766264342254403429107007012031555278555502613684469935768174700952757272213094263404335765839074852897089920011758886468459278669325959008220566299969310335741663913/1250000000000000000000000000000000000000000000000000000000000000000000000000000000000000000000000000000000000000000000000000000000000000000000000000000000000000000000000000000000000000000000000000000000000000000000000000000000000000000000000000000000000000000000000000000000000000000000000000000000000000000000 -761408330143529283114787748188243550123521778957303383316069579689827366422761148369588065741862020387570442150768756265052540899950985617601355724981692457104781059575169071351762644142592274463934944850445710068637201584746993121359989217750781150384319731038476680425686148284744135550879304615415130550351/1000000000000000000000000000000000000000000000000000000000000000000000000000000000000000000000000000000000000000000000000000000000000000000000000000000000000000000000000000000000000000000000000000000000000000000000000000000000000000000000000000000000000000000000000000000000000000000000000000000000000000000000
409070341246105895370629259123360903882568844470616000800335294328942640236208173195804116290054600602429360335528970939499246446462506718736294585665102697638477055118395193918421266672263015304388673853240901493117593580522646247304302149776347892784386208037130528025391110172481822513226146886231661214957/1250000000000000000000000000000000000000000000000000000000000000000000000000000000000000000000000000000000000000000000000000000000000000000000000000000000000000000000000000000000000000000000000000000000000000000000000000000000000000000000000000000000000000000000000000000000000000000000000000000000000000000000 -6631170804407247933999259645956363573628615925511154410423620433481320681501044586160838010565570759117072380981734854912996740788706290836302683160585709191066037296856941230673676310937033596465671938901629280220031095393307898478920643440286271105015402895765605102865650743921518755243027668345536119965581/10000000000000000000000000000000000000000000000000000000000000000000000000000000000000000000000000000000000000000000000000000000000000000000000000000000000000000000000000000000000000000000000000000000000000000000000000000000000000000000000000000000000000000000000000000000000000000000000000000000000000000000000
7392023649632199871760704855809763451657620728951158218480417044932251204741206715160098980735515028403190799260711101077237633687572700611929705368488245270062454904611252273358780538338040774129860847433718162445332465263139499606508885306824808660881325593210005855541448469715177017706581932577375886134839/10000000000000000000000000000000000000000000000000000000000000000000000000000000000000000000000000000000000000000000000000000000000000000000000000000000000000000000000000000000000000000000000000000000000000000000000000000000000000000000000000000000000000000000000000000000000000000000000000000000000000000000000 1441033950595344507954092784264844875194712169813697672689642940623890983044805760565778830616367068143292089398507383716347510277994755346486892873203624673743698428806543728463723402390113146140733052245280158852486854405715537154140389149397656384343415853884634721880266150939976927968221247851160894394423/2000000000000000000000000000000000000000000000000000000000000000000000000000000000000000000000000000000000000000000000000000000000000000000000000000000000000000000000000000000000000000000000000000000000000000000000000000000000000000000000000000000000000000000000000000000000000000000000000000000000000000000000
-9550877943687224005207000050193010518184472366141152981494396340709259298068226853394320946365383144951794553975681642473522075620592891147441521169643177892410075243571200354865055086225165632864698413190158891765014589394845290565603513666497043271675853420362723381186352254242382160605052275553990507507431/10000000000000000000000000000000000000000000000000000000000000000000000000000000000000000000000000000000000000000000000000000000000000000000000000000000000000000000000000000000000000000000000000000000000000000000000000000000000000000000000000000000000000000000000000000000000000000000000000000000000000000000000 -564330173923267564490757672092750123033022973984036477986981188082978124195885086109277162742139126165726690499999224700233289132533142061414970050734445600183113447657954353482087224173278211543683261558376499068884690575797843774436497392560868323069403776826287293144213794174359566438468214886947350197721/20000000000000000000000000000000000000000000000000000000000000000000000000000000000000000000000000000000000000000000000000000000000000000000000000000000000000000000000000000000000000000000000000000000000000000000000000000000000000000000000000000000000000000000000000000000000000000000000000000000000000000000000
-8735470975550117342881866778412592221035447748201706549597435057511385529020998151069032288604794191703212404665215687573863600964085224374398651388622596664759634483435037609050089409693042008636599884968386637814976910799120163149247732206986671675836660944364245814108376568247393076500120112738525636367403/10000000000000000000000000000000000000000000000000000000000000000000000000000000000000000000000000000000000000000000000000000000000000000000000000000000000000000000000000000000000000000000000000000000000000000000000000000000000000000000000000000000000000000000000000000000000000000000000000000000000000000000000 -472796526868057613304610860886677355736744262188630722650199951741552279327747655656604705963312335343496397924311734402293485600123054113620384652198540463546940275613427164181367442434256725250830975121920243639820052685264520678471708479206328406608962887751369826315657253395804443835632151703613222602757/2500000000000000000000000000000000000000000000000000000000000000000000000000000000000000000000000000000000000000000000000000000000000000000000000000000000000000000000000000000000000000000000000000000000000000000000000000000000000000000000000000000000000000000000000000000000000000000000000000000000000000000000

-1
4754063296263334706463216167706688424282821986301416931003846228452176656174401694194867965106974121758288977893428931823744122488774322616102547979113660156935619201970853567027196956472504017572209003197269998765231494339243436249808896210849541242816230979087152857078442318924126915127822901480416268368897/5000000000000000000000000000000000000000000000000000000000000000000000000000000000000000000000000000000000000000000000000000000000000000000000000000000000000000000000000000000000000000000000000000000000000000000000000000000000000000000000000000000000000000000000000000000000000000000000000000000000000000000000 -3798418347546254379554964584725726054230346145849915090669109431247134076963818815950669105993836137644363430055802504548942982028010693978763933418413938434542932186375057515243146546302407644813240197787261794351652759118883178617138839946856031183461303737241163266514081599514267761317380030354412963195377/100000000000000000000000000000000000000000000000000000000000000000000000000000000000000000000000000000000000000000000000000000000000000000000000000000000000000000000000000000000000000000000000000000000000000000000000000000000000000000000000000000000000000000000000000000000000000000000000000000000000000000000000
0 0

0 0

0 0

