1                                                

0.100000000000000000000e1 0.000000000000000000000e0
-0.146110013290235420477e0 0.909970434955804088222e0
0.473123428047072712107e0 -0.342241627114375343804e0
0.480917849374139084193e0 0.176531498401870387760e0
0.139358671502035063683e0 0.297660117793101226238e0
0.100000000000000000000e1 0.000000000000000000000e0
0.180329412726762838932e0 -0.872607405625874226341e0
-0.575866383459888272190e-1 -0.327639805224825495699e0
-0.240996264865843564025e0 -0.106350480530513054794e0
-0.644628322347703100620e-2 0.918028520769017678454e-1

