1                                                

-0.163360921014827848151e0 0.699885966273319675259e0
0.100000000000000000000e1 0.000000000000000000000e0
0.457164835211845547590e0 0.187826597446134756962e0
0.730711111582224341092e-1 0.729413823231372013029e0
-0.493210022074545718955e0 -0.345503605116513304714e0
-0.128211661786751717783e0 -0.950598097072222841645e0
0.100000000000000000000e1 0.000000000000000000000e0
0.348880861374135134835e0 -0.323025720038062744409e0
0.611394123142455052529e0 -0.235892323753361839140e0
-0.257548078348079963131e0 -0.136684089810633030171e0

