1

0.867858619471368242151e-3 0.720879414380073774257e0
0.837531110551541100901e0 0.206770307480453961881e0
0.100000000000000000000e1 0.000000000000000000000e0
-0.896217916324631424249e-1 0.626015705544740575015e0
-0.573990896787134717441e0 -0.813818033700296347227e-1
0.100000000000000000000e1 0.000000000000000000000e0
-0.247443139269485599572e0 0.424226822861113618665e0
0.672014551671392271442e0 -0.363134724939371050849e0
0.102604565890997122550e-1 0.657868830553619535282e0
-0.809283747255613819256e0 -0.511938308667463931579e0
