1

0
-0.247147826295851504085e0 -0.898912810764616524990e0
-0.417538418548269132908e0 -0.553219472349896647769e0
0.771001110784677814395e0 -0.196491939475135345342e0
0.100000000000000000000e1 0.000000000000000000000e0
-0.120123274541997131187e0 -0.211528079198011125940e-1
-0.623061858732218855786e-19 0.283454370736057160841e-19
-0.331306064456806433295e-20 -0.698929266912911100250e-21
0.994903275951028771282e-20 -0.121357330503252406477e-19
0.651804747497027771524e-19 0.234667694460500224905e-19
0.100000000000000000000e1 0.000000000000000000000e0

