1                                                

-0.242283315424588241630e0 -0.903221368872562372005e0
-0.417613428935338842500e0 -0.553073253051175755288e0
0.769425267806160500085e0 -0.191801868967133695685e0
0.100000000000000000000e1 0.000000000000000000000e0
-0.117370391978373389629e0 -0.223214158061406986967e-1
-0.120919722957831387100e-1 -0.189256494461277891120e-1
-0.465075626085644827983e-5 -0.293490570653258748015e-6
-0.235603147273009944695e-3 -0.421445869906591467376e-4
0.303246835698122403552e-2 0.205840128522648442922e-1
0.100000000000000000000e1 0.000000000000000000000e0

