1                                                

0.159934720642720438270731971519e-19 0.740016322320521102187896357263e-19
0.100000000000000000000000000000e1 0.000000000000000000000000000000e0
0.734390911868534723208036154501e0 -0.171987676617596983615767639936e0
0.730711111582224341735439786161e-1 0.729413823231372012776262942801e0
-0.394584650596161769829110253098e0 -0.104009886874597382509862613755e0
0.301890759240503110588459757643e-19 -0.160816030627545609173815790683e-19
-0.190518301153615069900549354514e-19 -0.345641968441766972476143415652e-20
0.100000000000000000000000000000e1 0.000000000000000000000000000000e0
-0.150541312622918017239284080153e-19 0.864361102697978225768761506412e-20
-0.418964538402246317616839024943e0 -0.839780228903242572402986894681e0

