1                                                

0.364135949984758353391e0 -0.435306505049656817852e0
0.100000000000000000000e1 0.000000000000000000000e0
0.720399991376172741785e0 -0.132279936732896337837e0
0.730711111582224340957e-1 0.729413823231372013083e0
-0.236217557595866387899e0 -0.115955973063425234288e0
-0.984778393663171251697e-1 -0.700514408075715800045e0
-0.251924912960320611143e-1 -0.178267838089844073477e0
0.100000000000000000000e1 0.000000000000000000000e0
-0.786376257671479482806e-1 -0.160101466350451390283e0
-0.259675409167287635318e0 -0.890002454965686073398e0

