1

0
0.856246821443541357384405238376e-19 0.104072850692276704790713153295e-19
0.260516617211199440417444735363e-19 0.627230942720214253007762812675e-19
-0.417538418548269133183733824489e0 -0.553219472349896648156273535956e0
-0.438475222708743807874842400784e-19 0.235856371644607864997873622295e-19
0.100000000000000000000000000000e1 0.000000000000000000000000000000e0
-0.540148976395476596283198356835e-19 0.807665752219998166656155417544e-20
-0.397396197539290880504689136296e0 0.563999552415140247757387083394e0
-0.333750907385914845594934914931e0 -0.708705505490916548765990142969e0
0.802805603114566042791991031413e0 -0.491264836888342382830210823671e0
0.100000000000000000000000000000e1 0.000000000000000000000000000000e0

