1                                                

0.470672478468406970797e0 -0.438447618392866233123e0
0.100000000000000000000e1 0.000000000000000000000e0
-0.207338796439965941676e0 0.651875619136505596112e0
0.730711111582224341566e-1 0.729413823231372012920e0
-0.849918065930489785619e0 0.190020736930188763347e0
-0.263559308012478562730e-1 -0.806491594530675630836e0
0.263768386434920681044e-1 -0.224278950380609866654e0
0.100000000000000000000e1 0.000000000000000000000e0
0.309237765863162785760e-1 0.210568808886304920095e0
0.201574341811927176674e0 0.858575975244906982578e0

