0
-0.282597749055419480044e-3 -0.359305084310009036479e-4
-0.102266477413761815731e-23 -0.253045438713272395498e-23
0.540760297582314973931e0 -0.149373847074673342873e-1
0.374667261318414359257e-23 0.136498984144597514899e-23
-0.453073000184795866851e0 0.635508011673355227957e0
-0.183279103887102902213e-1 -0.138419575858334555300e-1
-0.138133432085783441375e-23 -0.230967963385495317333e-22
0.192020204021644791052e-23 0.678741112469589382816e-25
0.102659799076084553197e-1 0.186381543566103538323e-1
0.872925261437024396620e0 -0.368942303222462964781e0

