1                                                

-0.8155362235819866112345763632477273987303e-21 -0.1590656743303811256192784048117539429944e-19
0.4730349903132988156273432975713886404915e-37 -0.5502050351021396882052983172051854234304e-37
-0.4175384185482691328880310478839452625809e0 -0.5532194723498966479254898550502558868557e0
0.7943505864490085607173038951201440165638e-37 0.4384866310303321791899779331960303991439e-37
0.1000000000000000000000000000000000000000e1 0.0000000000000000000000000000000000000000e0
-0.1471359778919317284449601279406181096135e-19 -0.3771733035260640103686744093639761931736e-19
-0.1023765195894597115290455412781886384027e-32 -0.1260363359010719712694278607861608660188e-32
-0.1582594151445662699316413684168651789678e-36 0.1252644481098995197018667531581273898141e-36
-0.2266352652063227885257183385828055470734e-19 0.3082645322492006935936889469497333193526e-19
0.1000000000000000000000000000000000000000e1 0.0000000000000000000000000000000000000000e0

