1                                                

0.169213858123694249351339288845e-3 0.263386177323361856379036804363e-3
-0.690197895820608313660765899647e-34 0.465941695120912037978541944201e-34
-0.417745020211562273224366591913e0 -0.553060023756834744452992865981e0
-0.313304445868734382728648476825e-34 -0.961922499921342052954137790787e-34
0.100000000000000000000000000000e1 0.000000000000000000000000000000e0
-0.119828440487166048219300588350e-1 -0.189741631579273592604180339773e-1
-0.685070376021219671506433863204e-33 0.251847722706632751540546203351e-32
0.144853131570295653191702406013e-33 -0.117506374097524293864359151896e-33
0.292290078717018473305258242558e-2 0.205854478889620978858684902522e-1
0.100000000000000000000000000000e1 0.000000000000000000000000000000e0

