1                                                

0.603515409287814037591e0 -0.637164781070744223575e0
0.176958558540098263333e-22 -0.129535160677341898107e-22
0.100000000000000000000e1 0.000000000000000000000e0
0.827057324556994180469e-23 0.186804696380885522236e-22
0.304509142640882404015e0 0.716283166699294364930e0
-0.223658975498130777653e0 0.625367514545012573367e0
0.226225865347070039549e-23 -0.812559656150878066248e-23
0.107829301084639233383e-22 -0.128188725371318339135e-22
0.100000000000000000000e1 0.000000000000000000000e0
0.192942940732821780479e0 0.797110828900987884119e0

