1

0.100000000000000000000e1 0.000000000000000000000e0
0.743521887904621330046e-24 -0.323838755884209650168e-24
0.739764693594404695369e-2 0.898883981940383016611e0
0.251931066306962594540e-23 0.192740801147145348331e-23
0.261997668917402492449e0 -0.104343799027811723718e0
-0.196334794477851803273e0 0.746877426658265729925e0
0.144927759880273939021e-23 -0.152621486316123164983e-23
-0.526501673703047137783e-24 0.190697524747297790866e-23
0.100000000000000000000e1 0.000000000000000000000e0
0.388802428673097510774e0 0.788932675611315570351e0
