1                                                

0.100000000000000000000e1 0.000000000000000000000e0
0.299280455192629755487e-24 0.208799134009634060992e-22
0.416941218705355161106e0 0.453570256709146286554e0
-0.314125391775891980516e-22 -0.177568027452779184320e-22
0.383789494995968504844e0 0.735808814626359965086e0
-0.271380254786328899033e0 0.668015607391803388319e0
-0.243607148161341443391e-23 0.470451562892808697619e-23
0.932402644296418014421e-24 -0.518985335597811830988e-23
0.100000000000000000000e1 0.000000000000000000000e0
0.246409106589490527607e0 0.898209644219893911651e0

