1

0
0.815303099174855634891e-19 -0.788046752654267194008e-19
0.100000000000000000000e1 0.000000000000000000000e0
-0.388003730919588491339e0 0.122753322014210853049e0
-0.588598905352741812202e0 0.224661313164335407902e0
0.146072457797871080244e-1 -0.191710361286557463023e0
-0.356251219018977326593e0 0.309852979806465188983e0
0.773041143865198649453e-2 -0.401373217506100091862e0
-0.335447203120508852139e0 0.264820523852850549918e0
-0.144789222035319718561e0 -0.949769398344557250994e0
0.100000000000000000000e1 0.000000000000000000000e0

