1                                                

-0.395327029118586196430e0 -0.626026965340147490270e0
0.100000000000000000000e1 0.000000000000000000000e0
-0.767993337866612102807e0 0.250558475944725820639e0
-0.746655892689072407274e0 -0.436874851156590975618e0
0.270055020138266427097e0 -0.449871820320056492926e0
-0.356251219018977326538e0 0.309852979806465189200e0
0.773041143865198676050e-2 -0.401373217506100091916e0
-0.335447203120508852085e0 0.264820523852850549728e0
-0.144789222035319718425e0 -0.949769398344557250181e0
0.100000000000000000000e1 0.000000000000000000000e0

