1                                                

-0.195143968490991699292e0 0.698448642644001144641e0
0.100000000000000000000e1 0.000000000000000000000e0
-0.276856880290185617094e0 -0.887379330874818947000e-1
-0.750985635985342048953e0 0.489881088760903310702e0
-0.259335544589887512462e0 -0.477210373331719782748e-1
-0.496411227285306595064e0 0.303377106345762698051e0
0.199374726677023201361e0 0.163199666465978982099e0
0.100000000000000000000e1 0.000000000000000000000e0
0.165393751820205561344e0 -0.157272768857469802956e0
-0.520938950705756871032e0 0.416090353917324780623e0

