1                                                

-0.359649125038595071436e-1 -0.322322386543221145781e0
0.996247604713944975900e-1 0.906910619894265301931e0
0.100000000000000000000e1 0.000000000000000000000e0
-0.544885714414542683036e-1 0.238288813110604125991e0
-0.178055904639384968179e0 -0.223598700206126121140e0
-0.426984693013762607811e0 0.676444694151209067795e0
0.347515341326992329221e0 0.533899567587374156391e0
0.100000000000000000000e1 0.000000000000000000000e0
0.640940463008317988644e0 -0.130658923777105576735e0
-0.474276115196137049293e0 0.415056979223177267157e0

