1

0
0.1519971016293257926970808215204555819185e-20 0.2035886178400430855638734650657850329565e-19
-0.4175384185482691329044417564057737995893e0 -0.5532194723498966482189736931737646865982e0
0.1256950353221411315810444709636389775631e0 -0.7118112572158785067697372997925907617888e-1
0.1000000000000000000000000000000000000000e1 0.0000000000000000000000000000000000000000e0
-0.2727725036511304859310798550343152806318e-1 0.2066191467498658211333026537386994597640e0
0.5383283699279266344662968625852761513734e-20 0.8169309418851667983572738247645563507149e-20
0.1268208447982321026402888257153305259915e-19 0.5049823572623848714586049987956479594324e-20
0.1000000000000000000000000000000000000000e1 0.0000000000000000000000000000000000000000e0
-0.1407185589421553787988107692318933944462e-19 0.4420658674133407473340609228867079995763e-20
-0.6584897149300662859791731492084093854339e0 0.1192553383589636379499649666299026612441e0

