1                                                

0.100000000000000000000e1 0.000000000000000000000e0
0.565334218100374652385e0 0.560627131590705086257e0
0.660196747632097446774e0 -0.164114188774300484824e0
0.451271015389484651158e0 0.514281081168888507015e0
-0.367393591027277729205e-1 0.155302614134246472772e0
0.100000000000000000000e1 0.000000000000000000000e0
0.494558115356724288091e0 0.146443317174608847456e0
0.157873743534801308112e0 -0.890058757958592113545e0
0.221491586050472585569e0 -0.107375517397765659217e0
-0.348007000360185140571e0 0.204582224284550136782e0

