6
0
0
52
9.890012857333268e-01 5.173981801967286e-01
-2.787707175726393e-01 4.851071833018488e-02
5.257770672832673e-16 8.936536406711770e-17
-1.289519816589765e+00 8.444549761210379e-01
3.471698504232713e-01 1.098465133718389e+00
1.113069055327931e-16 1.611937579942824e-16
6.597183273059079e-16
1.079610044185254e+01
5.507065670367824e-16
9.765625000000001e-05
4.162967103361097e-12
0.000000000000000e+00
1
1
-1

2 0
2 6
7350809443442466426135668850458752959585257730640058733022800019290243671838002143386776361417030294853132094904979328295125342178574496574986827818190175480154192881677215097382194753085637728844781089936273911264448867016754548016070316496360966878562957953853447197349283078968661021889059636177426800797861/10000000000000000000000000000000000000000000000000000000000000000000000000000000000000000000000000000000000000000000000000000000000000000000000000000000000000000000000000000000000000000000000000000000000000000000000000000000000000000000000000000000000000000000000000000000000000000000000000000000000000000000000 -1615076520250162940101282496563822306530796472425848434188389927089530299403747242096127338240477337779624726004695379273493041312967850872545615843814993241548938122522702202501593192037299154103914665623538857016814620480123992134024117419455046936465033008074727129945939613020426493315251501827091174559861/10000000000000000000000000000000000000000000000000000000000000000000000000000000000000000000000000000000000000000000000000000000000000000000000000000000000000000000000000000000000000000000000000000000000000000000000000000000000000000000000000000000000000000000000000000000000000000000000000000000000000000000000
-7932387200478124627220155866461921288956995398286511800499187709454808501830821411532559866878093389313649365845985623065436789773421895500289639551627354376467203664589920359898085700613389867508935785049033393821795064956659311185031565067867226779070791553678776728652479869132780163312568257352206900996053/10000000000000000000000000000000000000000000000000000000000000000000000000000000000000000000000000000000000000000000000000000000000000000000000000000000000000000000000000000000000000000000000000000000000000000000000000000000000000000000000000000000000000000000000000000000000000000000000000000000000000000000000 6532884402688533662092074699676211791487143632627613603153493160740581697907818048533120656700670118279044479106951074386213478028993160212040434819564286501396672508614197837809931736683267813497431516047557771945818551339957569235087082192732834433263975307881537741448115152822961836157462895443814916161889/10000000000000000000000000000000000000000000000000000000000000000000000000000000000000000000000000000000000000000000000000000000000000000000000000000000000000000000000000000000000000000000000000000000000000000000000000000000000000000000000000000000000000000000000000000000000000000000000000000000000000000000000
-3743138483388938336217474968947178406847806545325250195614825799404710772808598295139019164407182180235403954728865964759371352320079147021713616156373733747330537680675547112812643858508625274162433702087674807256799049010294742539132256157960505176895273088182021540450508615541442674806419756259472055317889/10000000000000000000000000000000000000000000000000000000000000000000000000000000000000000000000000000000000000000000000000000000000000000000000000000000000000000000000000000000000000000000000000000000000000000000000000000000000000000000000000000000000000000000000000000000000000000000000000000000000000000000000 6631538732472522018366871933624870988528354198094743853707554379269418378479947358416379758795784723979262497387259499342247951085569799296882694392724463788929869057074035771962989915545776114095153769504231830656576703139909871275487606138475167443625583880870894430098077787065830268393542387367275384280291/10000000000000000000000000000000000000000000000000000000000000000000000000000000000000000000000000000000000000000000000000000000000000000000000000000000000000000000000000000000000000000000000000000000000000000000000000000000000000000000000000000000000000000000000000000000000000000000000000000000000000000000000
0 0
0 0
0 0
0 0
0 0
0 0
107406822640884908712560087929910093838790363515243424244555140107567517868373460237628615971440470083033782658644068004561417838521771117567121587959551040888041028132137475247882350054694623277133819560253027816609540372998561845561500675851089953379130910982541477823532154680237192339252764721514623200243/3125000000000000000000000000000000000000000000000000000000000000000000000000000000000000000000000000000000000000000000000000000000000000000000000000000000000000000000000000000000000000000000000000000000000000000000000000000000000000000000000000000000000000000000000000000000000000000000000000000000000000000000 -1310148116630213113062130376613220229088458543605897696664091420002619130919425041551643096441854762300604738445017837655035369865760660355545527905374257862256417593488758369031241451568753869734249692532321888944904299001553945967847140117399895356061717202399623733078864297373231861109075142317867673368113/2000000000000000000000000000000000000000000000000000000000000000000000000000000000000000000000000000000000000000000000000000000000000000000000000000000000000000000000000000000000000000000000000000000000000000000000000000000000000000000000000000000000000000000000000000000000000000000000000000000000000000000000
-2973585396832867089772646885268606649234817979475852476232007811190511702598105198765044415672327624609464516891609672688091017309176150527494513712214195928306357867062277040364125626635389470022675323763279491520818489156562254194936993789617958109065375002748341143787545933133833799190594417653375306899153/5000000000000000000000000000000000000000000000000000000000000000000000000000000000000000000000000000000000000000000000000000000000000000000000000000000000000000000000000000000000000000000000000000000000000000000000000000000000000000000000000000000000000000000000000000000000000000000000000000000000000000000000 -3175377634649004642135435569035306558276889331999230171946503684307719188470076332867171546331314617812156891608595048927386727374761042057060135593873062054762060336294483703223093536220997559054164016248655317518253124280418359355831740396354312073242790059534652977333853847394631101051439959437039361800571/5000000000000000000000000000000000000000000000000000000000000000000000000000000000000000000000000000000000000000000000000000000000000000000000000000000000000000000000000000000000000000000000000000000000000000000000000000000000000000000000000000000000000000000000000000000000000000000000000000000000000000000000
-814777284353306631058178416727205556900326148960046408834686550873673609679185499986166302341608368700929463926349620377131227468370415391945102039148997652490315061949723773410915583105731320477209107641022296638263391770781542035349165343274885503774311329485660762162664956144533037168782429936987568958177/2000000000000000000000000000000000000000000000000000000000000000000000000000000000000000000000000000000000000000000000000000000000000000000000000000000000000000000000000000000000000000000000000000000000000000000000000000000000000000000000000000000000000000000000000000000000000000000000000000000000000000000000 2007341357878811787668879424817403670516149725465296386167706681600411862742359403733999370815443242303617169618202833396183609165616308483285006347024286505899247687114363234019488353785960070415817312639125321656637823824658409035527560110382271994982686175464775768131545947920892434217376707997147715300611/2500000000000000000000000000000000000000000000000000000000000000000000000000000000000000000000000000000000000000000000000000000000000000000000000000000000000000000000000000000000000000000000000000000000000000000000000000000000000000000000000000000000000000000000000000000000000000000000000000000000000000000000

-1
2243220368040085913771503428674956713132739670438890275799143657600706017672378473787278110117083405255715353270939828271686296242830016634765686659057158226269408982897059548648374803736160313262457376389084757321687088874719286081152726059449384246792371322276161442168363085107710467528507514433052467957919/10000000000000000000000000000000000000000000000000000000000000000000000000000000000000000000000000000000000000000000000000000000000000000000000000000000000000000000000000000000000000000000000000000000000000000000000000000000000000000000000000000000000000000000000000000000000000000000000000000000000000000000000 2758146263483226414304097403688459260817317508971880814969318757060896126907553207126472377228105805419553295028893051706787338780644746868321233836185339853708804453860956335357713071053819195447602080760200508875235143139023282867468112660433708132452178738075913592628024088187004990988410034497425624166667/10000000000000000000000000000000000000000000000000000000000000000000000000000000000000000000000000000000000000000000000000000000000000000000000000000000000000000000000000000000000000000000000000000000000000000000000000000000000000000000000000000000000000000000000000000000000000000000000000000000000000000000000
0 0

0 0

0 0

