1                                                

-0.149959510731468555767251328819e-19 -0.228959826616263519048064119012e-19
0.100000000000000000000000000000e1 0.000000000000000000000000000000e0
-0.224804924059300476219190308141e-1 0.670089947845404838305441041945e0
0.730711111582224340761432356655e-1 0.729413823231372013085232492796e0
-0.797800054693858296058175630004e0 0.490915999209140419298127579515e0
0.331403285677572296002165852368e-19 -0.350394526493104258560183002286e-19
-0.196188004201813461374307133121e-19 -0.641249956742882919614929758773e-20
0.100000000000000000000000000000e1 0.000000000000000000000000000000e0
0.350785992134195139139961906502e-19 0.886527345606812633780778760403e-20
0.418964538402246317911236479829e0 0.839780228903242572246508045121e0

