1                                                

-0.314828894189297852133e0 0.420999145990296467948e0
0.100000000000000000000e1 0.000000000000000000000e0
-0.807187870957022535759e-1 0.558882356333889006295e0
0.730711111582224341295e-1 0.729413823231372012866e0
-0.742204422042731439858e0 0.269994476333107229557e0
-0.119566268790727882603e0 -0.635920295932585934802e0
0.822040136289482966005e-1 0.190734757465350883841e0
0.100000000000000000000e1 0.000000000000000000000e0
-0.111341511484453816510e0 -0.120184380297886218999e0
0.223780682826207469571e0 0.703418342857138868113e0

