1                                                

0.284391022638065218433e0 -0.609573193214407411358e0
0.100000000000000000000e1 0.000000000000000000000e0
0.686050123422266034398e-1 0.164042381937667507521e0
0.730711111582224341634e-1 0.729413823231372012974e0
0.386043339409483454995e-1 -0.192796024683950996796e0
-0.782949434113599630292e-1 0.981810493308204439676e0
0.100000000000000000000e1 0.000000000000000000000e0
0.379064416016241578398e0 -0.466212037038339165813e-1
0.235048668190681610260e0 0.164755725612532353863e0
0.510859686584946812836e-1 -0.889618400707905653132e-1

