10
0
0
64
-0.547526554251199563364e0 -0.215457619788764027821e0
-0.538712142225663609026e-1 -0.873079837617621161666e0
0.139526260867916639599e0 -0.687348153344502355017e-1
0.632900072860208943309e0 -0.103091322192758382037e0
-0.170405984268039135330e0 -0.233185096614912865635e-1
0.473858694996709638322e0 -0.214088170010538320529e0
-0.254921507735041974647e0 -0.462308798966737404283e0
-0.118185065150266563923e0 -0.163360067358892476839e0
0.162490607445410121206e-1 -0.150664845471092809023e0
-0.541507535915267232919e-1 -0.939206412831461144402e-3
9.09131159636453e-20
3.918703706378309e+01
2.01689071797790e-19
2.44140625000000e-5
3.39495539143190e-18
1.000000000000000e-01
1
1
-1

2 0
2 10
181856729597186035368925085860097372643950319630579095583829220249630438297062527148472113069008299330911326883664360020166618630810528672007223568860245443857360954057826724318222565141203581077646689379288361923678763280600570278906789861341709081490730369137785493073270931761397552220095403163804806090851/312500000000000000000000000000000000000000000000000000000000000000000000000000000000000000000000000000000000000000000000000000000000000000000000000000000000000000000000000000000000000000000000000000000000000000000000000000000000000000000000000000000000000000000000000000000000000000000000000000000000000000000 409867309537538836503978503026234118617799519125209755454618990139645276218418704781249801740461288726132533742874219074687871980227748632389942899536288614745288127377682223095754688983524954459029959520417955296250333210190946772840589548353623848375467225370564797069297970570540018404135880379746954282341/6250000000000000000000000000000000000000000000000000000000000000000000000000000000000000000000000000000000000000000000000000000000000000000000000000000000000000000000000000000000000000000000000000000000000000000000000000000000000000000000000000000000000000000000000000000000000000000000000000000000000000000000
-1850700930219769858685488897719525312285110129251703478471173492354941726984956581782704352446663244104079273427873449930417914359160376813786235828524344717548466139682753859321185751327633700751791257513619510741242032291403660457591078690558826660275562987098865200575150110613345364100440963880897465467913/10000000000000000000000000000000000000000000000000000000000000000000000000000000000000000000000000000000000000000000000000000000000000000000000000000000000000000000000000000000000000000000000000000000000000000000000000000000000000000000000000000000000000000000000000000000000000000000000000000000000000000000000 8949062194321940366818382494078061658224706880809829485688442064259505168840345939109015590275762931529286357354145370501481015238208144214501427190235238659756259796949932388109835521317646780121362236695969747261030885747284745330468126119176872022029463342404988650217594235424778883065565480164124315226863/10000000000000000000000000000000000000000000000000000000000000000000000000000000000000000000000000000000000000000000000000000000000000000000000000000000000000000000000000000000000000000000000000000000000000000000000000000000000000000000000000000000000000000000000000000000000000000000000000000000000000000000000
9256332112158674335476164617099077871248400601675871062479982402186197932797790218445799298124170394359098971840288407196217650008811608955826607731220427544793248093072394567956403838284816200331458044187882644468720745461209192743201470819227379852514549640031643782980258111596512541676215583426706002340139/10000000000000000000000000000000000000000000000000000000000000000000000000000000000000000000000000000000000000000000000000000000000000000000000000000000000000000000000000000000000000000000000000000000000000000000000000000000000000000000000000000000000000000000000000000000000000000000000000000000000000000000000 278373737687161030005148885427943369870432657374842160973399660379167837925769066395720702950466537016862216648871542482103965031065724147241365427356468533485165620540538900981732725981588146004708219649651828531212430958415200274271788944021256140529050946404179172263842522137647752958164275811142493458341/5000000000000000000000000000000000000000000000000000000000000000000000000000000000000000000000000000000000000000000000000000000000000000000000000000000000000000000000000000000000000000000000000000000000000000000000000000000000000000000000000000000000000000000000000000000000000000000000000000000000000000000000
7388867738752427485237411563562351722685237264987791003062590929825717172387052758672840565844685656954457103691927180969028681380885201120854425781440199166868342027521900218521193861552294250377135025325756431515303850338916859562275795033034022225445832408576499664036156463020143499593083524998647735645607/10000000000000000000000000000000000000000000000000000000000000000000000000000000000000000000000000000000000000000000000000000000000000000000000000000000000000000000000000000000000000000000000000000000000000000000000000000000000000000000000000000000000000000000000000000000000000000000000000000000000000000000000 1065563126127705402422280565329456066612350752638298459426064794544475236402699919662218256022251280986307665593531358163060311756386491533385116142788257639900605201062677087412085388755952092144395801971884434425848551651455331947390095131899905521645172987158194993744694620253996593881521055170363926475083/10000000000000000000000000000000000000000000000000000000000000000000000000000000000000000000000000000000000000000000000000000000000000000000000000000000000000000000000000000000000000000000000000000000000000000000000000000000000000000000000000000000000000000000000000000000000000000000000000000000000000000000000
2390694170173963489608020979769051856275475622730583598953389045636063949031008721431815046282470088233375587778181069853855235793991176637952542282046574943951430077315185025933104477287447993127741640994251397089119847346397248577259857372125034606872737471356347970016582129655563073448440130592568820196131/5000000000000000000000000000000000000000000000000000000000000000000000000000000000000000000000000000000000000000000000000000000000000000000000000000000000000000000000000000000000000000000000000000000000000000000000000000000000000000000000000000000000000000000000000000000000000000000000000000000000000000000000 -7256582802846777283045162496820713977552661404123726171012893309664064863155353683448555523243736666195233728787358481494170216686117463202499260332755637549031289106730800140698281286145728278722636600234139633760425395462285996670971647845777799103429369489350875275522619347060286192641143364679062143429211/10000000000000000000000000000000000000000000000000000000000000000000000000000000000000000000000000000000000000000000000000000000000000000000000000000000000000000000000000000000000000000000000000000000000000000000000000000000000000000000000000000000000000000000000000000000000000000000000000000000000000000000000
0 0
0 0
0 0
0 0
0 0
0 0
0 0
0 0
0 0
0 0
87459993986308814302525775536210078497104730084388141282308164428376659297446687383851006404781091280993016253067261621187491673108243526093498067117675321268826317890986331558382191140235085508276609288066197684617846910511648688879686140173731929488740348413667772611405765496348722572997899572626312823263/250000000000000000000000000000000000000000000000000000000000000000000000000000000000000000000000000000000000000000000000000000000000000000000000000000000000000000000000000000000000000000000000000000000000000000000000000000000000000000000000000000000000000000000000000000000000000000000000000000000000000000000 7123308845220183242846608101506328644291309599761160208310694343358957050558708677110849849181296914081063227982358458242195433670479149580275904242649552952377508729897070182197899045711573103540826747639540184707163526547828081573473523250300922856699173440725139983980251221558017633756189185411241944179593/10000000000000000000000000000000000000000000000000000000000000000000000000000000000000000000000000000000000000000000000000000000000000000000000000000000000000000000000000000000000000000000000000000000000000000000000000000000000000000000000000000000000000000000000000000000000000000000000000000000000000000000000
-2029014761729870091176886404387839001690232986903351783314319812827477623660140630246573978137319751635929331053239675695083176393614650406533570494712264794578981760483485759552471860318974239174977683907609686163044206079653992826800069772116145144918437278836471921213042839571049715426844885909446682293117/5000000000000000000000000000000000000000000000000000000000000000000000000000000000000000000000000000000000000000000000000000000000000000000000000000000000000000000000000000000000000000000000000000000000000000000000000000000000000000000000000000000000000000000000000000000000000000000000000000000000000000000000 9366818810705274611813232303554117751128538931711667359928012298371890397899947391405373450363340770627327340676089315913264838067237048988053885147822794235219759146628141336154338684502038697261849349711970265813527125068110565614339075568644627741597144945032380663256781178867560586358480393357049833020237/10000000000000000000000000000000000000000000000000000000000000000000000000000000000000000000000000000000000000000000000000000000000000000000000000000000000000000000000000000000000000000000000000000000000000000000000000000000000000000000000000000000000000000000000000000000000000000000000000000000000000000000000
195515368010832586260978115970799278603218634212731760939219126191957914256868268423869183032505826938428235269670115518572214952428221776965937955057503418216232740010714181137625956960155409305339433953332650517192356186363632351811254041862468766289143692165316805937868325017927806476853900694850973059731/500000000000000000000000000000000000000000000000000000000000000000000000000000000000000000000000000000000000000000000000000000000000000000000000000000000000000000000000000000000000000000000000000000000000000000000000000000000000000000000000000000000000000000000000000000000000000000000000000000000000000000000 6447168521424123291556135965563731621966517277805246935387738367635773823716084407202077149085885684690699767609078361552641473170514461124205161469949614115309917953845544095678330923783404576252215031862418311030708604464530845867801884933053485220755858100187764925953086616370304498192192214747637615382631/10000000000000000000000000000000000000000000000000000000000000000000000000000000000000000000000000000000000000000000000000000000000000000000000000000000000000000000000000000000000000000000000000000000000000000000000000000000000000000000000000000000000000000000000000000000000000000000000000000000000000000000000
4181146947054264270755584899020524860709510612109193206042467276517113852550115945682760038640039098969313766323051995272430361106629456166655893777716324292816244417770308796061548655934372463825658093483998220176086080288847513455481264147957831957034366197468687087514897075037629173288496434840097432269391/5000000000000000000000000000000000000000000000000000000000000000000000000000000000000000000000000000000000000000000000000000000000000000000000000000000000000000000000000000000000000000000000000000000000000000000000000000000000000000000000000000000000000000000000000000000000000000000000000000000000000000000000 705757718419181194128278160027480072793323443192053796326369820138610657013090921803723115941690881080809601925718699643295775321347949359585879601920347754042399354809379392550958487438883090944398359552029694419261336564299410736204989912786145099406395902090769456902699410849936625534489083336774463421771/2000000000000000000000000000000000000000000000000000000000000000000000000000000000000000000000000000000000000000000000000000000000000000000000000000000000000000000000000000000000000000000000000000000000000000000000000000000000000000000000000000000000000000000000000000000000000000000000000000000000000000000000
-3733915951529076298221137615859484606469146662856158181776284317474577534575043656739088605261236562472924694905185360256633395825901458994918878000549092449824891503353085169071488545813504094025322114907690148687217340446276882762781977866340365408366949049083189360268663419177538211373687143697471333556727/10000000000000000000000000000000000000000000000000000000000000000000000000000000000000000000000000000000000000000000000000000000000000000000000000000000000000000000000000000000000000000000000000000000000000000000000000000000000000000000000000000000000000000000000000000000000000000000000000000000000000000000000 -4478879428514577782210143334635567019449661701183700692178335848749501437719119106340397940754078415688470870040471099181651829043440569298070762009174519503794290846704225960336628040500991196687182174665140699814892568287696248744670349376181263747719707844918793243553475731697626034582033473403633161669991/5000000000000000000000000000000000000000000000000000000000000000000000000000000000000000000000000000000000000000000000000000000000000000000000000000000000000000000000000000000000000000000000000000000000000000000000000000000000000000000000000000000000000000000000000000000000000000000000000000000000000000000000

-1
-2672544189412992186670325611481916903781034860973111874986161134690452639816518442172931611320788817255976666466075584320484058272965788661314679279080224559055479484666095466578029751045506161443191496643992086204961632511495657938213771030129369459270939792186136111843414358476861590452089068699344621689341/10000000000000000000000000000000000000000000000000000000000000000000000000000000000000000000000000000000000000000000000000000000000000000000000000000000000000000000000000000000000000000000000000000000000000000000000000000000000000000000000000000000000000000000000000000000000000000000000000000000000000000000000 -4490070647752362850744203262131518801635092091203745213409493513723375828215063481750417633462383791924799874159226707906572013191785938532623549662932351854189694892829052868413654155835106766809743398856168881705587332324609298781121336661531783237949891341045763247265226879270362135027280924771398813000203/5000000000000000000000000000000000000000000000000000000000000000000000000000000000000000000000000000000000000000000000000000000000000000000000000000000000000000000000000000000000000000000000000000000000000000000000000000000000000000000000000000000000000000000000000000000000000000000000000000000000000000000000
0 0

0 0

0 0

