1                                                

0.491581925338864852911e0 -0.425302170744295373245e0
0.100000000000000000000e1 0.000000000000000000000e0
0.283427748420335053352e-1 0.713907983983885903359e0
0.730711111582224340618e-1 0.729413823231372013029e0
0.108593867481117881540e0 -0.302450968466595973360e0
-0.511585939474207691032e0 0.804010813633484769923e0
0.100000000000000000000e1 0.000000000000000000000e0
0.171453431061379645600e0 0.185816467309900066400e0
0.221575592167623170234e0 0.881507574210402801646e0
0.176065760561348578608e0 0.123476779586452261911e0

