4
0
0
52
-5.449757539563014e-01 -1.270247430998879e-02
8.669317506767013e-02 7.453072692019625e-03
1.864390650990827e-01 3.755289885854238e-01
3.682625865827270e-01 -1.918723396281767e-01
1.241267076623637e-16
6.419109456822806e+00
2.716267841880689e-17
3.906250000000000e-04
1.075006086177203e-13
0.000000000000000e+00
1
1
-1

2 0
1 4
-6904777180735933032665432878413551018409869457403861829822986874029969256075541912534344970013772801466785107520793610173109347027015541820041429076132732419885704973469650619808313397418908776512742567397372017260774183899330406755275378606115236652789288203757412034413884763602098453269777024952152586515907/10000000000000000000000000000000000000000000000000000000000000000000000000000000000000000000000000000000000000000000000000000000000000000000000000000000000000000000000000000000000000000000000000000000000000000000000000000000000000000000000000000000000000000000000000000000000000000000000000000000000000000000000 6353957726901667400150812757654136144234619414468249627256999313413158769734349088688539489494984711041186193708044506603670478956340859152289505399334752176202757331448012270250243736966295563735097435021763466862733477356294069764650217102938594480089334219185237958788866184824865521099215985267072248030947/10000000000000000000000000000000000000000000000000000000000000000000000000000000000000000000000000000000000000000000000000000000000000000000000000000000000000000000000000000000000000000000000000000000000000000000000000000000000000000000000000000000000000000000000000000000000000000000000000000000000000000000000
-3327588819283661297662372014898885113216259048646756353037334017562890552441076517770785240125032827234200464537099926780826559784372935809610244957426727248663338574769107834737157633100983648662157591830186579101782403789371141183341231901493335926131582111746689648744315773802247524509826407969619523848911/5000000000000000000000000000000000000000000000000000000000000000000000000000000000000000000000000000000000000000000000000000000000000000000000000000000000000000000000000000000000000000000000000000000000000000000000000000000000000000000000000000000000000000000000000000000000000000000000000000000000000000000000 254285438916887069876083112535679212774062369211494004302177994440671674270260896750544051961383506038076787074349084748506732234906578239579265163907843811615260748526076538118869597152906266194738206889876506324952374250070406070036160937685465210380413940932879290358729101936486774580362726142270173897157/312500000000000000000000000000000000000000000000000000000000000000000000000000000000000000000000000000000000000000000000000000000000000000000000000000000000000000000000000000000000000000000000000000000000000000000000000000000000000000000000000000000000000000000000000000000000000000000000000000000000000000000
9675466781050108152235815902618457888253891888616534770275419281756212440425800483507512959831249380937327399139465398734611700545335656012290179965961518726219803474234460743616972171397527112251882264262611907612266706718736387118448131465210667979633122376702570133581830519564877699032173998457737646651433/10000000000000000000000000000000000000000000000000000000000000000000000000000000000000000000000000000000000000000000000000000000000000000000000000000000000000000000000000000000000000000000000000000000000000000000000000000000000000000000000000000000000000000000000000000000000000000000000000000000000000000000000 -47246142023972597095056903975572568831184212102342476021567787353496856644462883252571875530593711772879323571224236702084156756077656875174424857129269539695905374325347001474195570241307922363676316448896316681497145717487897481793153727200440353995313264514757433526903384564516109199763103774335704729359/156250000000000000000000000000000000000000000000000000000000000000000000000000000000000000000000000000000000000000000000000000000000000000000000000000000000000000000000000000000000000000000000000000000000000000000000000000000000000000000000000000000000000000000000000000000000000000000000000000000000000000000
4311071048301390670784753107902228337286958464444747878620239756619598236473953734465643539484220898365358643427913703700655019088746238819853199831815605204170249967433796303124510607632359296958492886827926330934259845954733021919960038781371748817747695372870811877937264812254987208043423520809139238025187/5000000000000000000000000000000000000000000000000000000000000000000000000000000000000000000000000000000000000000000000000000000000000000000000000000000000000000000000000000000000000000000000000000000000000000000000000000000000000000000000000000000000000000000000000000000000000000000000000000000000000000000000 3540654829891159811949005100994233449633117684735928276384407808864953734694596073520456800064133572734155699620332352885795192600906388866931200252653116571074420915240751052505842281191178030558804942751812804813564317463391938134641743081878162013852833626467653093123082545315707544231508873025533153529463/10000000000000000000000000000000000000000000000000000000000000000000000000000000000000000000000000000000000000000000000000000000000000000000000000000000000000000000000000000000000000000000000000000000000000000000000000000000000000000000000000000000000000000000000000000000000000000000000000000000000000000000000

-1
-4864009349500601962631129352526515577392213748689095323784961591900380122006674771376195108516566334456777809330903478272848312496792840950250512572788004614043758450360676978896910980332325133921317989319510489388027455288853039521922852225755117500962025401198586312479808521204195652680134991439923729540669/5000000000000000000000000000000000000000000000000000000000000000000000000000000000000000000000000000000000000000000000000000000000000000000000000000000000000000000000000000000000000000000000000000000000000000000000000000000000000000000000000000000000000000000000000000000000000000000000000000000000000000000000 -1483396695538497026775704770075085420919283831732630227116858504037377766291976863235132891734844219058266491032403704575967651061274747576526575999680736042496255305483505888673556322108397514501719217644401616832790750808589842036466050622661651151801522195949573376078542252117978737972595405470736640746881/5000000000000000000000000000000000000000000000000000000000000000000000000000000000000000000000000000000000000000000000000000000000000000000000000000000000000000000000000000000000000000000000000000000000000000000000000000000000000000000000000000000000000000000000000000000000000000000000000000000000000000000000
0 0

0 0

0 0

