1                                                

-0.378484251368538066078844920962e-23 0.101813621123211996208256358612e-22
0.100000000000000000000000000000e1 0.000000000000000000000000000000e0
0.548011893499738481844461132128e0 -0.905686873070268818344669494985e-1
-0.156947014438634045427107457282e0 0.819107750894472400465605112258e0
-0.350248458339851920753580172601e0 -0.127430033374245882254101160427e0
0.334047585859512554515579694982e-20 0.733956991660834624116604233016e-22
-0.668010894510747500450856892835e-22 -0.172102547600495344036819415846e-21
0.100000000000000000000000000000e1 0.000000000000000000000000000000e0
-0.143570259496952525331834099030e-21 -0.119434649058601147283139679151e-21
-0.418964538402246317646731456344e0 -0.839780228903242572004018708510e0

