1                                                

0.252657847034086396215e0 -0.671390135528728933885e0
0.327053665298126478039e0 -0.591071416284110613866e0
0.590745205114937315316e-1 -0.674662359204704166428e0
0.100000000000000000000e1 0.000000000000000000000e0
0.589726747442480065455e-1 0.246354290254340529143e0
0.100000000000000000000e1 0.000000000000000000000e0
0.401376236233421275045e0 0.427477986593013015821e0
-0.292993602114905399389e0 -0.588794754003813741142e0
0.394004882933249368017e0 -0.747028367031311925925e-1
-0.575189284666978577174e-1 0.416943638067297859905e0

