1                                                

-0.431795170968119938192299401141e-21 -0.588951566903855033187872300540e-20
0.100000000000000000000000000000e1 0.000000000000000000000000000000e0
0.560336471771679639530064268788e0 -0.787134470048814384007260359429e0
0.336888101694313906818149073885e0 0.618254547737698948766314987702e0
-0.368349361947166376265560572707e0 0.140810046579890706491316281488e0
0.100000000000000000000000000000e1 0.000000000000000000000000000000e0
0.225521375410870166866682023036e-19 -0.315115998030688883451768197691e-19
0.313144614222138123032951360726e0 -0.321918163411983690605733036075e0
-0.206911229005835989447632800383e-19 -0.313652366271678854703839804590e-19
-0.244775920961922783948047859761e0 -0.335518976220276077973711025808e0

