1                                                

0.511841402626408916332e-1 -0.157086473607258025656e0
0.354585762165776766639e0 0.767326699969087205433e0
0.100000000000000000000e1 0.000000000000000000000e0
-0.108575364272832842962e0 0.517486438880510925763e0
-0.265298353669317759225e0 -0.190858781059940022225e0
0.100000000000000000000e1 0.000000000000000000000e0
0.304617947701859305426e0 -0.117915819935047187963e0
0.189782027755891044110e0 -0.252011491062215483541e0
0.151735097560609133211e-1 -0.339270905397010906496e0
-0.144435531482428328179e0 -0.257345158723703477043e0

