1

0
0.369894021103631396577e0 -0.131534418475154351203e0
-0.417538418548269133314e0 -0.553219472349896647877e0
0.734916333451974000722e-1 -0.488375776411736535270e0
0.100000000000000000000e1 0.000000000000000000000e0
0.350508746405956591983e-1 0.406478325097082784635e0
-0.174770242919741425797e-18 -0.515788825992496529047e-18
0.920494458427462697286e-19 0.900390858202058531211e-19
0.887590812127689035449e-20 -0.182674248139455150068e-18
0.255466562083669637728e-18 -0.605194628400669298251e-18
0.100000000000000000000e1 0.000000000000000000000e0

