1                                                

0.370917901753893003794e0 -0.131202413611822789281e0
-0.417583649820333529569e0 -0.553392017246572477933e0
0.725743408902802608499e-1 -0.488131798605002865536e0
0.100000000000000000000e1 0.000000000000000000000e0
0.354710692959209985300e-1 0.406773079423375168444e0
-0.139721423919186190285e-1 0.186729343632472197064e-1
-0.748811369608624666769e-5 0.103062731247346646089e-4
0.278777920257321542408e-3 0.549123892355059140249e-3
-0.193467425659528078208e-1 0.106946337259782388655e-1
0.100000000000000000000e1 0.000000000000000000000e0

