10
0
0
96
0.329944266545061374527533003333e-21 -0.739519055577444225407268343487e-22
0.688982565970373377683161485538e-1 -0.356354124260286098874181533943e0
0.185532394626459529627416705290e0 -0.409920625261599086455400985105e-1
0.222280095675985446149121006551e0 0.287341448215274037747016155679e0
-0.135861205925211132251227358361e0 0.507073899225117626407533293664e-1
-0.152630675307264424470282085254e1 0.132909552067261612861129373051e0
-0.619763117282600786484746623281e-20 -0.675733683224665687379844032185e-20
0.191973558121617863979492538091e1 -0.806197730568634191200303762988e-1
0.712803137487034873299363233377e-20 -0.360575860108180676720660206728e-20
-0.105931010508079910478961760111e1 0.116444650691146012580737948325e1
1.28116275434026e-18
1.005532547216049e+25
1.62561007126546e-28
3.72529029846191e-10
5.55304623483465e-18
1.000000000000000e-01
2
1
-1

2 0
2 10
1260252316369958377855769058177794598624934738999444209853321021046163941007120890977226307297101176493356473708711553743422877997700947628946883437849742937742146300827544624896468029404725758775960350885407095248971508506539550496231992975142409359967673787555578983026976287205123923099161151389969853982957/20000000000000000000000000000000000000000000000000000000000000000000000000000000000000000000000000000000000000000000000000000000000000000000000000000000000000000000000000000000000000000000000000000000000000000000000000000000000000000000000000000000000000000000000000000000000000000000000000000000000000000000000 2300137172817776022700626050810518559011384306703075352505422585405349856563844064985672868641134204332161753865962209580519451163736249325529089392002666184468278896596866226799491518778761881103575873190057390559219634323225569060214285479292460158326551036317396147853984258674815636154521541805546184761551/2500000000000000000000000000000000000000000000000000000000000000000000000000000000000000000000000000000000000000000000000000000000000000000000000000000000000000000000000000000000000000000000000000000000000000000000000000000000000000000000000000000000000000000000000000000000000000000000000000000000000000000000
5608214016945361422844960349286376683238122165316221919238502901095085291943380381754886941562233407068753548657130560396591183833250819450584284631464432280863146741659932762012123929365406819449657489394314026634244383130839543956568989284404388265466918895879607320179520956657160035537187222762268424417709/10000000000000000000000000000000000000000000000000000000000000000000000000000000000000000000000000000000000000000000000000000000000000000000000000000000000000000000000000000000000000000000000000000000000000000000000000000000000000000000000000000000000000000000000000000000000000000000000000000000000000000000000 7999571268088629470473705867318912204938771725615481628853925206119324542413776264074504690721557631659452435196930655716403556609898954959404531407870285082935552077773776923948882396835350804193994606236606227926133592954012105576120918817119010760887766097469345033419307874650123893991194638932292495861797/10000000000000000000000000000000000000000000000000000000000000000000000000000000000000000000000000000000000000000000000000000000000000000000000000000000000000000000000000000000000000000000000000000000000000000000000000000000000000000000000000000000000000000000000000000000000000000000000000000000000000000000000
1446213728923468924309407424207305085965482710984522514050016290420606087205005715162412905749726002722428816661794940740171712548687984401776730536666224993427319696594381555675874297698949637567197470983466536236257915176434688713836281331420306662863775863456658401325651783361686611686702168329719467654719/2500000000000000000000000000000000000000000000000000000000000000000000000000000000000000000000000000000000000000000000000000000000000000000000000000000000000000000000000000000000000000000000000000000000000000000000000000000000000000000000000000000000000000000000000000000000000000000000000000000000000000000000 6122396228624577423387083431827501140988569174903805964132576667124319606894734243593785543616174376531506533516949231929117908106682463103408849669068051276623685125393451492328834464573042719669747595967189449254493730234446197002311167743418812366299942327311237399855714198879301132816127820221516789952933/10000000000000000000000000000000000000000000000000000000000000000000000000000000000000000000000000000000000000000000000000000000000000000000000000000000000000000000000000000000000000000000000000000000000000000000000000000000000000000000000000000000000000000000000000000000000000000000000000000000000000000000000
1894085425800067896320063987822490139704844521961110919217780081330102244406810397046648744100732566958357249819769717015941680132564527350764964713591343495845061071823038556933711071791257639210199866144928758981285103580341225899512383858309375346461169681249337268840455606562755852971116717057393262612323/2500000000000000000000000000000000000000000000000000000000000000000000000000000000000000000000000000000000000000000000000000000000000000000000000000000000000000000000000000000000000000000000000000000000000000000000000000000000000000000000000000000000000000000000000000000000000000000000000000000000000000000000 -516727255733256192222964037042427196733869440274525688663836501496544908732651958138781535341094129345743636129136059898849593148232360870205646678959415839328927810146766295195814046091121798632624799804964552133875136632005203277718954017090870433259066470277772538512030408198193267934557568158575415188517/625000000000000000000000000000000000000000000000000000000000000000000000000000000000000000000000000000000000000000000000000000000000000000000000000000000000000000000000000000000000000000000000000000000000000000000000000000000000000000000000000000000000000000000000000000000000000000000000000000000000000000000
-8404132708939686895474372937267623997702362149629416803295701479645023509642769371858961302383090323187928431843814164580122692018254723151381812039121424630032153559743502026381281443461006848225375552475366424544242321760313091757409719647450122487472175705039297833028296018516090446486532514935127772531251/10000000000000000000000000000000000000000000000000000000000000000000000000000000000000000000000000000000000000000000000000000000000000000000000000000000000000000000000000000000000000000000000000000000000000000000000000000000000000000000000000000000000000000000000000000000000000000000000000000000000000000000000 -4677343736618858435641944022793268375110014058958381762912603180102042075626324389808279791245631098246751007043967181900245618613507084235782714586114197609074489364217922325402847854059526817689388272843586616526175696008267214406593667297488423914969396469911991813059999380854902029979793371848454423165059/10000000000000000000000000000000000000000000000000000000000000000000000000000000000000000000000000000000000000000000000000000000000000000000000000000000000000000000000000000000000000000000000000000000000000000000000000000000000000000000000000000000000000000000000000000000000000000000000000000000000000000000000
0 0
0 0
0 0
0 0
0 0
0 0
0 0
0 0
0 0
0 0
-1621075157404472845996105056000197046815554234241929572230261254349914150143986041315851111750808729827215228099399095155107794782780919958992205491421872938719983071824692873284326004790510961246881897720669034311960107337415910277331760068026338226929615997719821676256288946640693483345348492094114341400069/2000000000000000000000000000000000000000000000000000000000000000000000000000000000000000000000000000000000000000000000000000000000000000000000000000000000000000000000000000000000000000000000000000000000000000000000000000000000000000000000000000000000000000000000000000000000000000000000000000000000000000000000 718445189455893561551503354461142323918947915922388781350788636854276826725332924933084180526999894646949183859722176508895386630262797023868762074487051009380752322844821252538412440229208943949860270380484793951827286145940833538290328235666014017298183291707360915877978560589287420872449830112152239663803/1000000000000000000000000000000000000000000000000000000000000000000000000000000000000000000000000000000000000000000000000000000000000000000000000000000000000000000000000000000000000000000000000000000000000000000000000000000000000000000000000000000000000000000000000000000000000000000000000000000000000000000000
-4649446054595880277843367961253406558720179226901573462808580639149580699762936898298037855231581253146500759484677606346101271744789083310093909909983526881955711321474170625939806165261641890376140740859408149984606451543340095645408099563299766879153673080354566902184971330583853301501223930031812846443807/5000000000000000000000000000000000000000000000000000000000000000000000000000000000000000000000000000000000000000000000000000000000000000000000000000000000000000000000000000000000000000000000000000000000000000000000000000000000000000000000000000000000000000000000000000000000000000000000000000000000000000000000 3703784001591001404144973911234843993637433532963816212567769945929888986027650461727375440002447033963208511294768879320498298990973155601556426970300162473494313626007229206325917635900479211425080925189530180637827671379276468353662228039236635949644600757160993559506272738992143403634892801694934008760191/100000000000000000000000000000000000000000000000000000000000000000000000000000000000000000000000000000000000000000000000000000000000000000000000000000000000000000000000000000000000000000000000000000000000000000000000000000000000000000000000000000000000000000000000000000000000000000000000000000000000000000000000
428148609626774644312696137713189859090757023201979432493698081250252274888422129880568142718703790819163452508036465187975580169061081560516632787573416417140762988321956453316088655010396773214044887187774061689655095553338704190071705061252931784486302194348020300446302433160691587091500985378331667673089/625000000000000000000000000000000000000000000000000000000000000000000000000000000000000000000000000000000000000000000000000000000000000000000000000000000000000000000000000000000000000000000000000000000000000000000000000000000000000000000000000000000000000000000000000000000000000000000000000000000000000000000 3026132134085087194699485842030430889832995922022319750558832947047960454846751222073954669105296174565291489454920752616688702722932845772657057069168439655297130632719890859027452246797752763501871754879375350863083515126853521019963457318249684085519805213641453487803509035681575956378897384845443467200219/10000000000000000000000000000000000000000000000000000000000000000000000000000000000000000000000000000000000000000000000000000000000000000000000000000000000000000000000000000000000000000000000000000000000000000000000000000000000000000000000000000000000000000000000000000000000000000000000000000000000000000000000
-868211699865137393817518991905077742987335408998953420630161981032901963582881645916774624356692281980720144105232878386493299486825092040053111555817819620219516850476676377152547582116308774872533226957725492656801354764607157206088998189847126124782341755615618672259272273817666432210581097206609720121919/5000000000000000000000000000000000000000000000000000000000000000000000000000000000000000000000000000000000000000000000000000000000000000000000000000000000000000000000000000000000000000000000000000000000000000000000000000000000000000000000000000000000000000000000000000000000000000000000000000000000000000000000 2042571745638437448880207634887031719688327536867589520454270462424443646734276098773556478607150873523201150180652051835365346359381955943467237407445431023706459830592870435237520426726004050482508754788252570840870991050194927756636461146774179161642230402964200877106734491415612128721614248841718110382191/10000000000000000000000000000000000000000000000000000000000000000000000000000000000000000000000000000000000000000000000000000000000000000000000000000000000000000000000000000000000000000000000000000000000000000000000000000000000000000000000000000000000000000000000000000000000000000000000000000000000000000000000
380804182570409678540793451738569707721699252278260736512651656786226223010886682096448993205263040112015581972393405194718169381821556100757360916042025738835322360395680672695463733035559217439232741483395281628599824216766791950685902174420789823053623085089610598169542330513467354775423077607358240525793/400000000000000000000000000000000000000000000000000000000000000000000000000000000000000000000000000000000000000000000000000000000000000000000000000000000000000000000000000000000000000000000000000000000000000000000000000000000000000000000000000000000000000000000000000000000000000000000000000000000000000000000 4059048249480379975917376148548554660935244789656177688238331446844229994877649566421560097481987940787705114465231645228928798573908206391694541780221235800866075394289566029398175068395431685238023674299055768005555117190416923126261062410134157660949531415134056492470536354629215783493173634812133522945811/10000000000000000000000000000000000000000000000000000000000000000000000000000000000000000000000000000000000000000000000000000000000000000000000000000000000000000000000000000000000000000000000000000000000000000000000000000000000000000000000000000000000000000000000000000000000000000000000000000000000000000000000

-1
-1831791186755618713444177214927452300974661898530512890529473692635655535852078977995525276386729967265898933551177758429574574611042321607819545302332653935558828383515903906388896295347151285091054145762329418493161840939608945565177044127305629295782117193351035977808921866402259877679355272946694728538187/10000000000000000000000000000000000000000000000000000000000000000000000000000000000000000000000000000000000000000000000000000000000000000000000000000000000000000000000000000000000000000000000000000000000000000000000000000000000000000000000000000000000000000000000000000000000000000000000000000000000000000000000 4722217137332357323103507831591484882541367564016213241018276411454635769849367757820654783188962775544487329110071017551228498152880739312832362519441839497546265078335610575102348660042190532741922094185259934000269615519503134543186033623750823196205205551926225509730205254883266546923962529214240484710661/10000000000000000000000000000000000000000000000000000000000000000000000000000000000000000000000000000000000000000000000000000000000000000000000000000000000000000000000000000000000000000000000000000000000000000000000000000000000000000000000000000000000000000000000000000000000000000000000000000000000000000000000
0 0

0 0

0 0

