1

0
0.394704817512999100952031996964e-21 -0.842931792294156699581942601126e-21
-0.659833730838200424093955274951e0 -0.750209072714404990233730380078e0
0.223237459973644828735884039616e0 -0.472995286650153515025715865350e0
0.100000000000000000000000000000e1 0.000000000000000000000000000000e0
-0.118424541423049118131872311947e0 0.381211232168796585972698178452e0
-0.796563575895242233374605486564e0 0.357813742816117627255575743830e-1
-0.307513382118875269747011737588e-20 -0.364907203448948727945487668422e-20
0.100000000000000000000000000000e1 0.000000000000000000000000000000e0
0.378522996651732764769896246183e-20 -0.171929626793819683077663570353e-20
-0.576256613035148781397948550541e0 0.582366051077611697367109063541e0

