1                                                

0.153865984016444809918e0 -0.409823998305269934748e-1
-0.581965786599027449881e0 -0.604192143354306174328e0
0.208914456151269356085e0 -0.495404256162889111492e0
0.100000000000000000000e1 0.000000000000000000000e0
-0.643138253438350327676e-1 0.393991720875018063832e0
0.100000000000000000000e1 0.000000000000000000000e0
0.142213549037769291993e0 -0.878495475022631973376e-2
-0.644964770195369389350e0 -0.718664666559250916620e0
-0.437257333454011342004e-1 0.283511136699515277750e0
0.196416930800903899375e0 -0.108481131652387802441e0

