1

0
-0.559546115360241858635e0 0.429076713738740608394e0
0.100000000000000000000e1 0.000000000000000000000e0
0.551213363100886920909e-1 -0.333777829971084073372e0
0.730711111582224340618e-1 0.729413823231372012974e0
0.255864391886711592275e0 -0.621559155121419080960e-1
-0.820678617073217931424e-1 -0.923307888236994300053e0
-0.150141042234026097927e0 0.527388834614807352520e0
0.100000000000000000000e1 0.000000000000000000000e0
0.922126563448587878639e-1 0.190542496976512635215e0
-0.231557245531597692386e0 -0.277275486780652471829e0

