1                                                

-0.597137709830620213268e0 0.461976527451395600787e0
0.100000000000000000000e1 0.000000000000000000000e0
-0.904269038409308849498e-1 -0.136292261863725935254e0
0.730711111582224340753e-1 0.729413823231372012812e0
0.890857338248903877771e-1 -0.660776885294284444886e-1
-0.206957338373061877689e0 -0.940821647762903337671e0
-0.875823426904448521814e-1 0.682371977978374886478e0
0.100000000000000000000e1 0.000000000000000000000e0
0.104329990166054329859e0 0.974388230322462594511e-2
-0.142527382505106063937e0 0.319671325568288609110e-3

