1                                                

0.268859442685504334202e0 0.804563985237834698402e0
0.100000000000000000000e1 0.000000000000000000000e0
-0.811727302705704305275e0 0.573480412005218016661e0
0.730711111582224341024e-1 0.729413823231372012920e0
0.931868653666974060745e-1 -0.265077731257633861665e-2
0.100000000000000000000e1 0.000000000000000000000e0
-0.149820273207301619592e0 0.486318930760781856476e0
0.770281525274594131133e0 -0.208074870638241566368e0
-0.177952877271026013375e0 -0.639704549811474514672e0
0.700046501698100659579e0 0.677571603457148225532e0

