1                                                

0.306808305191063920403e-1 0.381704722812426371819e0
0.100000000000000000000e1 0.000000000000000000000e0
0.382336007194888484332e0 -0.533300665018590576471e-1
-0.358055660476816653751e0 0.900786551907547803730e0
-0.386409818198102134778e0 -0.651830536259180922537e-1
-0.243233981888393560876e0 -0.685903105909662583889e0
0.100000000000000000000e1 0.000000000000000000000e0
0.123524270023024325142e-1 -0.285219141482072303142e0
0.708072396959909977740e0 -0.606092433621818511814e0
-0.200847380036290609187e0 0.147176325504827817638e0

