1                                                

-0.4990864501712346622858843947261485878057e-20 0.1474367445778546592651534626400672071704e-19
-0.4175384185482691328014223028906814907949e0 -0.5532194723498966478696509583383697782888e0
0.1256950353221411315439248965927920739699e0 -0.7118112572158785071126507325541512087834e-1
0.1000000000000000000000000000000000000000e1 0.0000000000000000000000000000000000000000e0
-0.2727725036511304853451584696239042837334e-1 0.2066191467498658209871879474373853318158e0
-0.7552225592339005043868232275743180499294e-20 -0.1516034215054854850697968415499493739909e-19
0.2241742890595231384147833723992517094776e-19 0.1037319152674558192416594710902025953255e-19
0.1000000000000000000000000000000000000000e1 0.0000000000000000000000000000000000000000e0
-0.2945661405527141201150139842813901082573e-19 -0.1808136447138053418407617337270705860186e-19
-0.6584897149300662858425571324559062399478e0 0.1192553383589636377657650223533955327004e0

