1                                                

-0.723654250312126742502e-1 0.352317277376872463095e-1
-0.455549789320959125518e0 -0.568319390275347600375e0
0.141197513961231806986e0 -0.968860099025184240019e-2
0.100000000000000000000e1 0.000000000000000000000e0
-0.453300215873344307973e-1 0.182045936260818286371e0
-0.668612405300375234942e-1 0.511629202716705179738e0
-0.231219110113127180453e0 0.561826049650416188438e-1
-0.974940230838767487936e0 -0.212406360027050072063e0
0.118842872271961522956e0 0.225426560507367681387e0
0.100000000000000000000e1 0.000000000000000000000e0

