1                                                

0.100000000000000000000e1 0.000000000000000000000e0
-0.171591693586354172849e-334 -0.691284386475563545022e-335
-0.242540175375812512726e-22 0.310665173718798530956e-22
0.266323415896576901512e-334 -0.422708332003620359820e-335
0.391366246129006382598e-22 -0.862509719593139350630e-22
0.100000000000000000000e1 0.000000000000000000000e0
-0.125362432958665940226e-334 -0.314649116550986789979e-335
-0.274810992839604327211e-335 -0.620161690169890393743e-335
-0.103446088126121064302e-21 0.180903401389452723185e-21
0.262752402050873053790e-22 0.218306238328118124681e-21

