1                                                

0.100000000000000000000e1 0.000000000000000000000e0
0.528335193725618480506e-24 -0.170560327114052938089e-23
-0.845985635492193587283e-2 -0.667015761867679765433e-1
-0.716309313248100803696e-25 0.261993536977821047962e-24
0.186807158960734304620e-1 0.202667942451630135782e0
0.100000000000000000000e1 0.000000000000000000000e0
0.768028950680709302609e-24 -0.143891530530408494963e-23
-0.526938843304682949706e-24 0.158201671402155831229e-23
-0.396408107473412325093e-1 -0.477697892666384986994e-1
-0.630350214292289078954e-1 -0.179428308093368886423e-1

