1                                                

0.100000000000000000000e1 0.000000000000000000000e0
-0.142990096703914958361e-23 -0.577862245361474006201e-24
0.585942998997273370811e0 -0.742917682613039889424e0
-0.467293179144995495018e-24 -0.698536035554412292081e-24
-0.109451289457951969614e0 0.392084881221627681137e0
0.100000000000000000000e1 0.000000000000000000000e0
-0.151443392559853215829e-23 0.166251711202404800299e-23
0.114032275376446206226e-23 -0.218821632585370135145e-24
0.276845390916227328850e0 0.172351366326844367989e0
0.430099274851509955921e0 0.804194969144846186541e-1

