1

0
-0.102710569109628072615768692698e-21 -0.214972463787199489244063800199e-22
-0.590427541500651223720902994095e-22 0.183520604716404897692345827681e-22
-0.417538418548269132902144808582e0 -0.553219472349896647924510749943e0
-0.113303378813181319712314934325e-21 -0.182397965251753137871312606090e-21
0.100000000000000000000000000000e1 0.000000000000000000000000000000e0
0.100000000000000000000000000000e1 0.000000000000000000000000000000e0
0.644124982681852237076115828725e0 0.155213192230505920006710330885e-1
-0.551631455668744484712047288942e-1 -0.688479242148418659594441683566e0
0.252651724763979337609349908332e0 -0.170538235303397380380778695521e0
-0.240524984077585482123250002977e0 0.188803466826687703982940326749e0

