1                                                

0.337445838362263431077e0 -0.353495203546973641562e0
0.724919686501991803558e-1 -0.278671836632688012708e0
0.559901262938320419017e0 -0.432229878051427510448e0
0.100000000000000000000e1 0.000000000000000000000e0
-0.188419050480843533994e-1 0.614213384487055070419e0
0.100000000000000000000e1 0.000000000000000000000e0
0.644124982681852237059e0 0.155213192230505919408e-1
-0.551631455668744485497e-1 -0.688479242148418659538e0
0.252651724763979337553e0 -0.170538235303397380394e0
-0.240524984077585482020e0 0.188803466826687703961e0

