1                                                

0.543323296450532902312850446314e-21 -0.193433875621365192465334049240e-20
-0.250500978443089008422849988142e-21 -0.177060256293526645707978000502e-21
-0.417538418548269132903871132381e0 -0.553219472349896647920378941232e0
0.478550312369323073192026118673e-20 -0.482460477251246250439330883917e-20
0.100000000000000000000000000000e1 0.000000000000000000000000000000e0
0.100000000000000000000000000000e1 0.000000000000000000000000000000e0
0.191111067041090302108429261764e0 0.227837792561635692612614591500e-1
-0.392596541952301757613238650083e0 -0.304133311922229690642909274738e0
-0.157596177539370162201829962329e0 0.929322386763015919980372507927e-1
0.176353032969254521094585372563e-1 -0.441414013612863380315389665143e0

