1                                                

-0.206797026025723549824e0 -0.154112610161954875212e0
-0.327439022445671514724e-1 0.218711230686468850981e-1
-0.662619315575128703302e-2 -0.150091709058017092247e0
-0.357949862548521211930e0 -0.795454129852058136087e0
0.100000000000000000000e1 0.000000000000000000000e0
0.100000000000000000000e1 0.000000000000000000000e0
0.191111067041090302145e0 0.227837792561635692746e-1
-0.392596541952301757627e0 -0.304133311922229690683e0
-0.157596177539370162232e0 0.929322386763015919909e-1
0.176353032969254521216e-1 -0.441414013612863380311e0

