1

0
0.100000000000000000000e1 0.000000000000000000000e0
-0.645067030092201651177e0 -0.750229680089683485149e0
-0.713657912774239211750e-23 -0.358473110818249649809e-22
0.500092134595493482334e0 -0.525340925008090224113e0
0.127745283089877728256e-22 0.341145969088367036776e-22
0.100000000000000000000e1 0.000000000000000000000e0
-0.155309546445612982652e0 -0.869026084024049048004e0
0.598017440041370926273e0 0.415325691985151066940e0
-0.301362129059320822591e-23 -0.339763634402247373293e-22
0.890128239616690764054e-23 -0.158575982373352217719e-22

