1                                                

-0.702637497613482771286e0 0.648250341065200334334e0
0.100000000000000000000e1 0.000000000000000000000e0
0.245148707240757299461e0 0.596998767942586047992e-1
0.730711111582224340889e-1 0.729413823231372013029e0
-0.769422323860877450127e0 -0.967932111996292333895e-1
0.100000000000000000000e1 0.000000000000000000000e0
-0.136220785566733949910e0 -0.774564975143251626939e0
0.473692322148494027862e0 0.538741001428393373246e0
-0.417976761140476834770e0 0.502287481938655979151e-1
-0.213000465256244028971e0 -0.289413829844843164011e0

