1

0
0.821581777665408883265e-1 0.291940434009938843139e0
0.510905572233447091736e-1 -0.266142899810962119177e0
-0.615169712961901050388e0 -0.467143728546693246060e0
0.197861553863000420465e0 0.178188012592425847891e-1
0.100000000000000000000e1 0.000000000000000000000e0
-0.189755504267407428936e0 -0.841066803939769307391e0
-0.450245064847068880953e0 0.843195778445044080642e0
0.500330332388998454780e0 0.748604160430106732160e0
0.100000000000000000000e1 0.000000000000000000000e0
-0.763446465517802654217e0 -0.440631243858784240876e0

