1                                                

0.511711064830470727105e0 -0.683239309275483383619e0
-0.682125245086016145438e0 0.341348812435009664348e0
0.113042802736031895136e0 -0.258942405331188008690e0
-0.298828191941218907130e0 -0.472608845923661880070e0
0.100000000000000000000e1 0.000000000000000000000e0
-0.189755504267407428963e0 -0.841066803939769307174e0
-0.450245064847068880709e0 0.843195778445044080642e0
0.500330332388998454834e0 0.748604160430106732105e0
0.100000000000000000000e1 0.000000000000000000000e0
-0.763446465517802654109e0 -0.440631243858784240740e0

