1

0
0.338279502376629736820796066921e-19 -0.595242885821878835240629554562e-20
-0.417538418548269132766431622257e0 -0.553219472349896648619997574998e0
0.125695035322141131642692457931e0 -0.711811257215878506317877956128e-1
0.100000000000000000000000000000e1 0.000000000000000000000000000000e0
-0.272772503651130486328287877046e-1 0.206619146749865821204196548485e0
0.100000000000000000000000000000e1 0.000000000000000000000000000000e0
0.404319317925564732723434371798e0 -0.318854964380337824095667762365e0
-0.827392689639403435784568393629e-1 -0.264946086907700542065106421756e0
-0.469040104241421718325790873772e0 -0.511634972450483862065906569752e0
0.584886480580134085051373155114e-1 -0.392936267968537335779944217708e0

