1                                                

0.100000000000000000000e1 0.000000000000000000000e0
-0.840607960471298038061e0 -0.329322190027373121288e0
-0.452333542779830400168e0 0.601259251111028260686e0
0.127154922222052694123e0 -0.787944759513716945173e0
0.476084704819193161787e0 0.140889926412671855635e0
0.100000000000000000000e1 0.000000000000000000000e0
0.404319317925564732726e0 -0.318854964380337824170e0
-0.827392689639403436391e-1 -0.264946086907700542064e0
-0.469040104241421718404e0 -0.511634972450483862117e0
0.584886480580134085597e-1 -0.392936267968537335769e0

