1

0
-0.179946208895441659749e0 0.731858565483317719479e0
-0.819476579973172698519e0 -0.357621457264867329120e0
0.100000000000000000000e1 0.000000000000000000000e0
0.200973970146361940163e0 -0.623869342503167695834e0
-0.444413809531127526869e0 0.950820048373351990974e-1
0.100000000000000000000e1 0.000000000000000000000e0
0.224506782808903811014e0 -0.789235915028536197282e0
-0.583690448063928948256e0 -0.540456559778559199163e-1
0.271179821938114162783e0 0.913205001940244107984e0
-0.271935741344098616518e0 -0.575853749090447002634e0

