1                                                

-0.457077331274863044009e-1 0.691208924843173219666e0
-0.714823107104911552334e0 -0.340991520896269479420e0
0.100000000000000000000e1 0.000000000000000000000e0
0.196491010228699269365e0 -0.546318484814944693695e0
-0.425398133728143615487e0 0.104405576034475134950e0
-0.637233342270635056814e0 0.726923509633516835805e0
0.306726377312138177232e0 0.370042960676861790940e0
0.425674027939132896869e0 -0.696543259015850508837e0
-0.601494666123783808763e0 -0.184642071624551364924e0
0.100000000000000000000e1 0.000000000000000000000e0

