1                                                

0.100000000000000000000e1 0.000000000000000000000e0
-0.557558689881391172189e0 -0.760256602659628317109e0
-0.343176456685190593531e-1 -0.553795441625129749067e0
0.513800242177297554892e0 -0.462243810383974674139e0
0.128056492762787571925e0 0.537128727170718613874e0
0.100000000000000000000e1 0.000000000000000000000e0
-0.222885865226693336401e0 -0.888856005440687099511e0
0.690733203523230575326e0 0.256401518112795318878e0
-0.154694503163761931135e0 -0.460132121210125102836e0
0.111101591876134421499e0 -0.347931268280908328691e0

