1                                                

0.100000000000000000000e1 0.000000000000000000000e0
-0.550522277141494896730e0 -0.673250222845432932863e0
-0.601513466606112869694e-1 -0.559554050069267724292e0
0.407489939307514091219e0 -0.527220699569628993336e0
0.146744151314860449265e0 0.519672607877723960782e0
0.100000000000000000000e1 0.000000000000000000000e0
-0.236996024748192309835e0 -0.869576409117595500056e0
0.701820456479637484260e0 0.243252551172958573778e0
-0.168313669677545171060e0 -0.458194736531865759720e0
0.104022416225015252450e0 -0.361790207458696640185e0

