1                                                

0.118284084817002452578e0 -0.538027190728068348171e0
0.514663108314904993277e-1 -0.246054177010157754932e0
0.440396048532789915889e0 -0.743690740424588029212e0
0.100000000000000000000e1 0.000000000000000000000e0
-0.589680004703151957510e-1 0.245506866697267382978e0
0.100000000000000000000e1 0.000000000000000000000e0
-0.964516806312554914738e-1 0.398337437409923679547e0
-0.174088633040791493210e0 -0.606660859878947532406e-1
0.395220684003103719131e0 0.309589097868379350655e0
0.148056676313117346520e0 0.150786996092725013977e0

