1                                                

-0.195929113557217384958e0 0.706453969775137027571e0
0.100000000000000000000e1 0.000000000000000000000e0
-0.284655222633595260905e0 -0.794954869086378180937e-1
-0.763115933713157395038e0 0.490575977656191989404e0
-0.258508222310050132992e0 -0.499905074078380274542e-1
0.100000000000000000000e1 0.000000000000000000000e0
-0.150269397694446819901e0 -0.408873806799983730747e0
-0.578999387032835810042e0 -0.641086049139470703917e0
-0.376987431282917527655e0 0.900151559318672127107e-1
0.518448489753465665609e0 -0.208271605501710550213e0

