1                                                

0.100000000000000000000e1 0.000000000000000000000e0
-0.297416354593465023294e0 -0.461793342847233635051e0
0.112792219503034642125e0 0.816251648453133715126e0
0.315105904242224063919e0 -0.250683352982874085830e0
0.216131706634666087587e0 -0.392392031965195188913e-2
0.711687070036089591569e-1 0.663442694875423517604e0
-0.390106979511198844683e0 0.196159480434562652585e0
0.176086034756509093543e-2 -0.405020460035516135556e0
0.100000000000000000000e1 0.000000000000000000000e0
0.760685160533223114667e0 0.418081457220794511665e0

