1

0.369950713850415900962e0 -0.304443414596603459865e0
-0.716857367134872985165e0 -0.608353025916605924734e0
0.204638611891458188145e0 -0.142558449565921951683e0
0.100000000000000000000e1 0.000000000000000000000e0
0.718578767593463563538e-1 0.294305999171570444338e0
0.100000000000000000000e1 0.000000000000000000000e0
-0.242527238843337519290e0 -0.276289929996129413677e0
0.182132686729376777363e0 -0.961087600290221465583e0
0.144128223625911380625e-2 0.847777200790043002887e-1
0.127397759427348755489e0 0.168346983134334442559e0
