1                                                

-0.559216259901888916996e0 -0.434809831816447126364e0
-0.596565043187064810511e0 -0.297259522418731048711e0
0.398267389103373080470e0 -0.674966943897877959149e0
0.100000000000000000000e1 0.000000000000000000000e0
-0.141399202358290880212e0 0.208156537533706145171e0
0.538223926507497364420e0 0.528128115394043379390e0
-0.447082580834165619656e0 0.151668364536449094780e0
-0.684738442201472738961e-1 -0.373048153933263833249e0
0.100000000000000000000e1 0.000000000000000000000e0
0.739929860503923037419e0 0.132971250077682361394e0

