10
0
0
128
-0.7019079450128336083289852027673785620910e-19 -0.3584521892166827693313290557406039009960e-20
-0.3608323846177364719460158922639471062174e0 -0.4073419052538759959974036570445279255339e0
0.9400715219407930774891638693499930474078e-1 -0.6344371229562398496308126644548032722126e-1
0.7827198040776727613915837469897690413091e0 -0.6148878909168115600340230524023553082235e-1
-0.8645682924753295669472246994187826677914e-2 0.1634021431574523112948461091662772961212e0
-0.3789204307514004432845511007664151066792e-20 -0.1390464880465534727318500568825900631106e-19
-0.7984146802798017960643888849085990099503e0 0.7641286950371363859168181165820707457703e-1
0.6018145868354099474012462304432654215295e-20 0.3725151790701130746450276514584816306844e-19
0.3443958786361606082483124289284878603607e0 0.1034261477538122039244245008768008892875e1
0.2640905680562508470930371179737902615091e-19 -0.5432152933571548961344417077069258301163e-19
2.03386278627257e-19
1.768206364763022e+37
1.39564408427833e-35
2.38418579101563e-8
9.78745412303992e-18
1.000000000000000e-01
2
1
-1

2 0
2 10
1003964854733271779888395884119761970247198364917463875725098971259881552226876003467902588159869121221216979210842120414907941715016322160747368464192187627973689680542614435782362009589299919748368970581688419901812679645485541856877473430744482883931038129944850734966349841658973108551048230179652374600591/2000000000000000000000000000000000000000000000000000000000000000000000000000000000000000000000000000000000000000000000000000000000000000000000000000000000000000000000000000000000000000000000000000000000000000000000000000000000000000000000000000000000000000000000000000000000000000000000000000000000000000000000 -7149182441045319080428991310195067599274503668656319087453617480626298100834436233029301337755693005493438264816423353358202836833616526455252559909598550118446887381539484348435942016981072536663236826408958824330675168041161711901718011952141934632127967860353004682024487075985351861226135063801262623751499/10000000000000000000000000000000000000000000000000000000000000000000000000000000000000000000000000000000000000000000000000000000000000000000000000000000000000000000000000000000000000000000000000000000000000000000000000000000000000000000000000000000000000000000000000000000000000000000000000000000000000000000000
4865161699157510604544456193336546595093622187873638782949790657870845933590364457529600816996150733174719755972187089105356647768119448480810076576101787254379667232252345313007452915765505346356097980428137929981159505531483464710051070168313738549149261135454101776543413279752271445532706920599661453396669/100000000000000000000000000000000000000000000000000000000000000000000000000000000000000000000000000000000000000000000000000000000000000000000000000000000000000000000000000000000000000000000000000000000000000000000000000000000000000000000000000000000000000000000000000000000000000000000000000000000000000000000000 2380290482660224057937304537728934030364034141095312457185597806401597323011827131014121542114538641775101452899938279774461342727720759610187036957932904526395300947793595820811757781992218965364960796009455587853703351320120625685230020588421621159464322674347344406241209830291560206138279944745718461349431/2500000000000000000000000000000000000000000000000000000000000000000000000000000000000000000000000000000000000000000000000000000000000000000000000000000000000000000000000000000000000000000000000000000000000000000000000000000000000000000000000000000000000000000000000000000000000000000000000000000000000000000000
-6552846788269959873588329281319495093818663467614221807389226054263736098479372958626295676684778331225493716397158702167301131896214105904995129167072583182465304963330013428907611945840196239958713576465011448691592404682993516317899168764286736238488281973611147206685984991053515641365856871685190567034463/10000000000000000000000000000000000000000000000000000000000000000000000000000000000000000000000000000000000000000000000000000000000000000000000000000000000000000000000000000000000000000000000000000000000000000000000000000000000000000000000000000000000000000000000000000000000000000000000000000000000000000000000 -6647851863335512274788400432491716309386655435972086537837318225750085419020566567444626093154903829219988958549857661035542416125713198602578980675778566865474232889669315602395041828758236215104976608102077473651310173291011871995405453727194769476506565968154113918017364445637001376878758979719912292175249/10000000000000000000000000000000000000000000000000000000000000000000000000000000000000000000000000000000000000000000000000000000000000000000000000000000000000000000000000000000000000000000000000000000000000000000000000000000000000000000000000000000000000000000000000000000000000000000000000000000000000000000000
9422042362667375317547715426045812329420534994290925319872774642046363143799871077678924610386149871362095127636131969765317858530197049930670439303647521877237479999174317809636171810045418307606348680779834698247473332928716390855117259283320687546610258603189889641886305218619791142758967446706165375302543/10000000000000000000000000000000000000000000000000000000000000000000000000000000000000000000000000000000000000000000000000000000000000000000000000000000000000000000000000000000000000000000000000000000000000000000000000000000000000000000000000000000000000000000000000000000000000000000000000000000000000000000000 897320512764456491640828676738594441544189835526567196172022109784397647744338065446834999214832347019249231587698432524827518947527968887742047507975094498183385675226212759514232633430561821765536948470625088929826583549779654192369816286491320057172149674912269229427537960056181111520904093288308577966929/2000000000000000000000000000000000000000000000000000000000000000000000000000000000000000000000000000000000000000000000000000000000000000000000000000000000000000000000000000000000000000000000000000000000000000000000000000000000000000000000000000000000000000000000000000000000000000000000000000000000000000000000
1131741612037604145566802683252270344178354851277027647932855264040654356483146366077617011035384092151447434409769393326927873399405948158613464100863616041472454216247938249254278958079967085830796790714445112190187229577077629625059192255682163427915428818939666225066516084571196101950879094746581354754957/2000000000000000000000000000000000000000000000000000000000000000000000000000000000000000000000000000000000000000000000000000000000000000000000000000000000000000000000000000000000000000000000000000000000000000000000000000000000000000000000000000000000000000000000000000000000000000000000000000000000000000000000 1632843334103406471286122335666755654835500268179666423538386432597889590833253224534743185645082497898375870362703087375968654857780137883052606621190058741008839069745680585926610266585565030082501405677290451943018746133532884060122527416194581216761078937687331387311075301108205002694184110060347950571359/10000000000000000000000000000000000000000000000000000000000000000000000000000000000000000000000000000000000000000000000000000000000000000000000000000000000000000000000000000000000000000000000000000000000000000000000000000000000000000000000000000000000000000000000000000000000000000000000000000000000000000000000
0 0
0 0
0 0
0 0
0 0
0 0
0 0
0 0
0 0
0 0
-7139462541048789816798989804863697423909335934928808990187303656887636354394469677710522692894188416162199468694464550375402345390631266778064378351140114923297047018693780285868033031995693464249079997686190570935912971246825119880128855869331861294622265717572688866810507675458066215301054005271567050422029/10000000000000000000000000000000000000000000000000000000000000000000000000000000000000000000000000000000000000000000000000000000000000000000000000000000000000000000000000000000000000000000000000000000000000000000000000000000000000000000000000000000000000000000000000000000000000000000000000000000000000000000000 -4318562631690013796215394860296904959144771242000276788760007620507971814319153389704320630018664660390292800683502468396788789390371462385782765167076330094185045566558144772774059663415669111833829080614356698842890153554517713757977945553638861375658088806519493818130489583966866926274578830592123491489643/5000000000000000000000000000000000000000000000000000000000000000000000000000000000000000000000000000000000000000000000000000000000000000000000000000000000000000000000000000000000000000000000000000000000000000000000000000000000000000000000000000000000000000000000000000000000000000000000000000000000000000000000
-6132098736375529251129689666488001425477658008010186101519986403173831183532664456864022443244217365545983682170242180397728126767120601099849913208317109906858552453388098755997057101653470025799263944427466147370020466579752110504053743542575822364070145566025871687352536215080089092305726765077859908457261/10000000000000000000000000000000000000000000000000000000000000000000000000000000000000000000000000000000000000000000000000000000000000000000000000000000000000000000000000000000000000000000000000000000000000000000000000000000000000000000000000000000000000000000000000000000000000000000000000000000000000000000000 -960282696225473746036521707491066333330845319035805722277199738631119580998868614330995937708025644393777880312414801917101878174649092754496722783372265187597830981189637041344140247498475845403144863409697618739651669891463617274268458999694140356718141269394617783861972928546579092220503721604382873162071/2500000000000000000000000000000000000000000000000000000000000000000000000000000000000000000000000000000000000000000000000000000000000000000000000000000000000000000000000000000000000000000000000000000000000000000000000000000000000000000000000000000000000000000000000000000000000000000000000000000000000000000000
-8399843471080374411382277268633381987325321537533828921794760819673864245658746478372883955737550608495271578333480486108565909131504477166910309556157463524558049158840826149116131091454227913810945419615068635778821179638976532833926471687290812321146398897053817226502840597201104556190611225032983433859789/10000000000000000000000000000000000000000000000000000000000000000000000000000000000000000000000000000000000000000000000000000000000000000000000000000000000000000000000000000000000000000000000000000000000000000000000000000000000000000000000000000000000000000000000000000000000000000000000000000000000000000000000 1582355933345449032668069561094191231115261364607068198550238703209317044889775133737471069511475369031581551461942142714319147189637683732479837175225591677595601814165023854700969538929031808535217549334373400054432981689173860953519745579877786035249437805463942975742643646192479036234581328896560538191711/2000000000000000000000000000000000000000000000000000000000000000000000000000000000000000000000000000000000000000000000000000000000000000000000000000000000000000000000000000000000000000000000000000000000000000000000000000000000000000000000000000000000000000000000000000000000000000000000000000000000000000000000
-4336161404918520627502357907793023886095331742278292521618147184832636874667936292512949465695568541768527317807895598639404198087589362596163269379407075092835400031124534175691704283510834651599095375881922467935464941113383251492201886946163080167453242306607757995234838523169433638215068208273689609742987/50000000000000000000000000000000000000000000000000000000000000000000000000000000000000000000000000000000000000000000000000000000000000000000000000000000000000000000000000000000000000000000000000000000000000000000000000000000000000000000000000000000000000000000000000000000000000000000000000000000000000000000000 -617493962708024798935732910103434601334474186870555130647141227055061160226773262833101644134905166293691775861390723350654778739503170927574893812476051579092583161534914363107065011761663075183228636533387392953941333127224114237461031386599924635795880111066151211109215047622420286356908089825531508701763/1250000000000000000000000000000000000000000000000000000000000000000000000000000000000000000000000000000000000000000000000000000000000000000000000000000000000000000000000000000000000000000000000000000000000000000000000000000000000000000000000000000000000000000000000000000000000000000000000000000000000000000000
-8673242916081574961855745380619600074519405141537350851808460733510571906980060126712019685120316154766006006183631485608605876551624685079878890013394306131762882584318751167055074650611924969065703719941782127112433383498110699720115813125446386552872093817544228499536121636101727561548914645075200386376723/10000000000000000000000000000000000000000000000000000000000000000000000000000000000000000000000000000000000000000000000000000000000000000000000000000000000000000000000000000000000000000000000000000000000000000000000000000000000000000000000000000000000000000000000000000000000000000000000000000000000000000000000 2066939933957509232694944787247584968515439259459917853199254824068316025265257373119753858462588066767180956366057833699448179609252310450943980272209894156446559574600593723981587676706804285611744357300012859935835457526031297076407513088151320519683930027610661972071878249207818882669055614636825856435461/10000000000000000000000000000000000000000000000000000000000000000000000000000000000000000000000000000000000000000000000000000000000000000000000000000000000000000000000000000000000000000000000000000000000000000000000000000000000000000000000000000000000000000000000000000000000000000000000000000000000000000000000

-1
-6020466004010271940986254221415475218626856707401677415455562499847340275444659539012544888700764101991588259256039582319824572081317265514499452485616112797202332331581769169136406980729110440612021431645818303481008474537981963239319823468811853829224378296472421616926341512265370729022919182127908932211351/10000000000000000000000000000000000000000000000000000000000000000000000000000000000000000000000000000000000000000000000000000000000000000000000000000000000000000000000000000000000000000000000000000000000000000000000000000000000000000000000000000000000000000000000000000000000000000000000000000000000000000000000 -2818041003503411286668797669158596549098680146857390293815009633276897637894541161007698246519188442350784118413794575315025880225781561459531605416945818156970666943472458324426106156182235819419048358978520345569001197090790409486691137049066474341371354161848313045990059199040507707236973569710672254051859/100000000000000000000000000000000000000000000000000000000000000000000000000000000000000000000000000000000000000000000000000000000000000000000000000000000000000000000000000000000000000000000000000000000000000000000000000000000000000000000000000000000000000000000000000000000000000000000000000000000000000000000000
0 0

0 0

0 0

