1

0
-0.8876792788003231457330198757659373579425e-19 -0.1155299027899688300726945395194869874908e-19
-0.4175384185482691326848380744207712789670e0 -0.5532194723498966481083197855578325381366e0
0.1256950353221411314366936326506781715001e0 -0.7118112572158785082684523848380964384150e-1
0.1000000000000000000000000000000000000000e1 0.0000000000000000000000000000000000000000e0
-0.2727725036511304854153661942087504076895e-1 0.2066191467498658211558756726605766112438e0
-0.1320033549652707414370790344810449118377e-19 -0.7318621553094020156950499610688365443640e-21
-0.1648901455456306702715794634355106856056e0 0.7170596699506621043513574075561031558808e0
0.3416666889069205280758141698597026999799e-19 0.5558279225491768356840484088099686451968e-20
0.1000000000000000000000000000000000000000e1 0.0000000000000000000000000000000000000000e0
-0.3962575431931036381513756322381102851742e-19 -0.3872908751894240592142444472431109944754e-19

