1                                                

-0.176054410604716685208e0 -0.579604479162882624064e-1
0.120174317399053264949e0 -0.157451369288320997079e0
0.440366063748739066644e0 -0.678800677296271339747e0
0.100000000000000000000e1 0.000000000000000000000e0
-0.189432682553038126124e0 0.229355760198176376289e0
-0.598901734248644601128e-1 0.601739584572214812629e0
0.294915293564849603303e0 0.930567449732693648362e0
-0.307705163048434253063e-1 -0.381239236527318137398e-1
0.100000000000000000000e1 0.000000000000000000000e0
0.156566237690222541294e-1 0.442781757894600764841e-1

