1                                                

0.301080028497938908128e0 0.442523442054664300626e0
0.555397166051729604370e-1 -0.277385893399499873361e0
0.522839997701652722372e0 -0.652514205678692991910e0
0.100000000000000000000e1 0.000000000000000000000e0
-0.249436221792857051310e0 0.409443161016467246184e0
0.205622590352957292109e0 0.793491319896377535149e0
0.337598511293778434330e0 0.830994418488822071678e0
0.273619199569880093503e-1 0.184631585944238107015e0
0.100000000000000000000e1 0.000000000000000000000e0
0.521365721269981277102e-1 -0.187618246805538214006e0

