1                                                

0.316234872008609109331e0 -0.283249356770288904613e0
-0.650633542511120169455e0 -0.758518742886363331410e0
0.104475450651932537624e0 -0.169487516587561080038e0
0.100000000000000000000e1 0.000000000000000000000e0
0.630380046201460021038e-1 0.305860965718175675234e0
0.389818496204526273005e-1 0.833554365874165731245e0
0.100000000000000000000e1 0.000000000000000000000e0
-0.324803774948304390025e0 0.395336943349300691980e0
0.117980192669968815681e0 0.812545579475568441132e-2
0.399008938029981863068e-1 0.401743475708472446289e-1

