1                                                

0.319325269997849773722e-1 0.466757919929433656410e0
0.100000000000000000000e1 0.000000000000000000000e0
-0.408643152950510965652e-1 0.125568287283781664809e0
-0.641674388380775261097e0 0.696463475021949444585e0
-0.243262608062352743974e0 -0.111213727968412187445e0
0.138513240421558511757e0 0.739746211078999068818e0
0.100000000000000000000e1 0.000000000000000000000e0
-0.260941116212851444747e0 0.338735712530506294013e0
-0.453240780600840538631e-1 -0.257816028756056042165e0
0.515573178654264834009e-1 -0.911737316045849690882e-1

