10
0
0
96
-0.372319505985548032307459299812e-23 -0.313868644659864780232579585098e-22
-0.389622131345329816554487088395e-23 -0.538712576959497416702825872975e-22
0.538200998319803420143500370425e0 0.256656471301748875648654168773e-1
0.187194820327409530822919526573e-22 0.409126339575168398438988123131e-22
-0.497342309361308637155304228437e0 0.597487061668140026349217564055e0
0.756546592381923277160301060460e-1 0.108055796926334528058186744998e1
0.238071908179800667394286326635e0 0.116113394101239296440924484699e1
-0.900859706172525232046365543477e-2 0.246483734442856132148851771306e0
0.129923771614359322991961976402e1 0.241335929754746875041841087632e0
0.113016824929606900870953464656e0 -0.231178274377997961346855540798e0
4.35969347824515e-20
5.335683635292514e+28
4.64809659783074e-26
6.10351562500000e-6
2.22777769172607e-19
1.000000000000000e-01
1
1
-1

2 0
2 10
1928439280299676525242731784102152921214576495900643855485444027588526765484925388264981316014278767410410795965694438932659488223858899668241976288052153032646025661192003039332888699322839491660963752764059285941701870640735179216843583047725714350067259940009053057962424107857330412373506302546200707284099/2500000000000000000000000000000000000000000000000000000000000000000000000000000000000000000000000000000000000000000000000000000000000000000000000000000000000000000000000000000000000000000000000000000000000000000000000000000000000000000000000000000000000000000000000000000000000000000000000000000000000000000000 -5529189400235783147876561272853298708010944603167297640304238832706023155108232113112681262033436305197548079716314968980992503763095103768250954720128155729158170224562213149062057446826325464484867566413766407511261071263367042446058918825272353912071050097317008654357979018997487532827771800400678051890471/10000000000000000000000000000000000000000000000000000000000000000000000000000000000000000000000000000000000000000000000000000000000000000000000000000000000000000000000000000000000000000000000000000000000000000000000000000000000000000000000000000000000000000000000000000000000000000000000000000000000000000000000
-480600379363077305684012145890226082665802301221536760269228347130083785951086968994967346447291481346657233152822513508332266626050212333950353035893952757205741543370549215113772494584774102299890375665490087105465871058665655554478795768058339495376281854461856141961198053644528451585647747220472688451597/625000000000000000000000000000000000000000000000000000000000000000000000000000000000000000000000000000000000000000000000000000000000000000000000000000000000000000000000000000000000000000000000000000000000000000000000000000000000000000000000000000000000000000000000000000000000000000000000000000000000000000000 1034638221909745281928782224101980873678623893046278121812178963164302457953129413666799255679204715887801746655303413354201774332195632923272958092797249491816028764020166379866499867140462734313907131276155370117308738612082695713980807214042193093947480167827635964466295451028728562168529566760647159918341/2500000000000000000000000000000000000000000000000000000000000000000000000000000000000000000000000000000000000000000000000000000000000000000000000000000000000000000000000000000000000000000000000000000000000000000000000000000000000000000000000000000000000000000000000000000000000000000000000000000000000000000000
2563848769077256901547783978126875281836402769575396239865983347532190521966568526178070002872381304645050029575695371659110246575346301983030881291848441104742219397213045877891965334372182761298057282460553526105289081664399627988834458073406496266966145282161602230752229185750225575689063095547850906096231/5000000000000000000000000000000000000000000000000000000000000000000000000000000000000000000000000000000000000000000000000000000000000000000000000000000000000000000000000000000000000000000000000000000000000000000000000000000000000000000000000000000000000000000000000000000000000000000000000000000000000000000000 2656588200010603486312727256517406446038957981181621586516530480518628983396046290371472071159182249532309197949454178970123112260167759354561643426356196215907903033506469235517594319225548976759059982594287400483371583296750611074701243011310153168511857833560375804792006716282770275989106083902435247723541/5000000000000000000000000000000000000000000000000000000000000000000000000000000000000000000000000000000000000000000000000000000000000000000000000000000000000000000000000000000000000000000000000000000000000000000000000000000000000000000000000000000000000000000000000000000000000000000000000000000000000000000000
-2683857320399491499119878847394997324398162264770493003640808173994588608403331370785424178362979150024043897034353272679558601227892348024859536335686487276154691950035034558359488849111267403319591981215099467665141196144505241926039325123783629282910419869992206416802527340127096780629676688883476114611261/5000000000000000000000000000000000000000000000000000000000000000000000000000000000000000000000000000000000000000000000000000000000000000000000000000000000000000000000000000000000000000000000000000000000000000000000000000000000000000000000000000000000000000000000000000000000000000000000000000000000000000000000 -4892199598170424970290890067465528636001555595404951185840394735968005298967190889855595924875157019790370303531103461721774505352460988042777718223791963173100136542321313016375681776943028503899053407748502983492186137019619828371582994093069782087550282665044209834860899268199848435938276325676341291384187/10000000000000000000000000000000000000000000000000000000000000000000000000000000000000000000000000000000000000000000000000000000000000000000000000000000000000000000000000000000000000000000000000000000000000000000000000000000000000000000000000000000000000000000000000000000000000000000000000000000000000000000000
-9027851412021525877965416254053953873902099524937440844632887592755575938234657059819499685304577819808638321172460256735394641259286243288640123783376146712075749199532591637165797831667033759818762390133607550681975256641424880931785374412412961744017764292294722680051813712077206714566759329838320151261029/10000000000000000000000000000000000000000000000000000000000000000000000000000000000000000000000000000000000000000000000000000000000000000000000000000000000000000000000000000000000000000000000000000000000000000000000000000000000000000000000000000000000000000000000000000000000000000000000000000000000000000000000 -2415702273637159252659514457657179011850418570769771069473390952856637030479238809550868588988798827868880132926027032370405182585596931635749594863572835481367243872574423836116201435821692341191825854943840351184289434322537347441418460642613597384626253560228071808971502354832164079933106809496329749111779/5000000000000000000000000000000000000000000000000000000000000000000000000000000000000000000000000000000000000000000000000000000000000000000000000000000000000000000000000000000000000000000000000000000000000000000000000000000000000000000000000000000000000000000000000000000000000000000000000000000000000000000000
0 0
0 0
0 0
0 0
0 0
0 0
0 0
0 0
0 0
0 0
7617889037191135825862770934549903471420488004989885651069523617676252021873474108297903409165130589358462057438020464553865898361064628337345353198645623576201050479188147336193035553256540074800312308271506761777533159794812027452785180682413730474703486272994837739224143353752888385796028700869690448169899/10000000000000000000000000000000000000000000000000000000000000000000000000000000000000000000000000000000000000000000000000000000000000000000000000000000000000000000000000000000000000000000000000000000000000000000000000000000000000000000000000000000000000000000000000000000000000000000000000000000000000000000000 53358342805054170966802034209769637166271819481440944378055550550482502493612107219835657288375016242568645895704467709494704558330840363520502228508120946677296095367889000367395579007588930323389496923091962293629054224632228905905452096537100091772951065407624906069886089418402957654251582910312631505567/78125000000000000000000000000000000000000000000000000000000000000000000000000000000000000000000000000000000000000000000000000000000000000000000000000000000000000000000000000000000000000000000000000000000000000000000000000000000000000000000000000000000000000000000000000000000000000000000000000000000000000000
-4401790532156296666095688580907709353330894600599230809885343105456854075933188636850571239064029195776235489602982792271762520170060205077467572475295916649440906297987904007047814518550792208786039499579262764050968275368912172884203802936013776141684202775928194187214544797984528743637380110981662498501583/50000000000000000000000000000000000000000000000000000000000000000000000000000000000000000000000000000000000000000000000000000000000000000000000000000000000000000000000000000000000000000000000000000000000000000000000000000000000000000000000000000000000000000000000000000000000000000000000000000000000000000000000 -2606205056041380555137954040754596695270283639947186986317156578869007547532600646925582847640659282689608084598693723921709544960354350685794944688121005376030714355483989158540033330190323372434811485905249938990730065911432760032886097192892642132634212465736259623002043428615005701385984082747534634337759/5000000000000000000000000000000000000000000000000000000000000000000000000000000000000000000000000000000000000000000000000000000000000000000000000000000000000000000000000000000000000000000000000000000000000000000000000000000000000000000000000000000000000000000000000000000000000000000000000000000000000000000000
-1141342520687640189657764625669112227153968161384301416754523600941082729964027653705987839304975456815622084194671507950683848480676074712020729048168799546569727304622690379397359802609536736366435325889029823927446139759508070427321925510287219438073302072228241555079662665198585204872995451231601716999859/2000000000000000000000000000000000000000000000000000000000000000000000000000000000000000000000000000000000000000000000000000000000000000000000000000000000000000000000000000000000000000000000000000000000000000000000000000000000000000000000000000000000000000000000000000000000000000000000000000000000000000000000 -4235907890959143894267262869893642086349082604744449804288365162338811950438451335727314497185054875204691059454609273552284815737970220323280637515624806309074957644595408554199808994117346684158729618402707802844198433331447133120966897080090874203410163666002377542995084473277460276482637036835193884740891/10000000000000000000000000000000000000000000000000000000000000000000000000000000000000000000000000000000000000000000000000000000000000000000000000000000000000000000000000000000000000000000000000000000000000000000000000000000000000000000000000000000000000000000000000000000000000000000000000000000000000000000000
3051639454321754866030249651369656486859330299823715822297597642055672311799366126521249957387974425093020179842146774965240902858685022059339117527181165818774146980612169605267535856566166914674524881423052343775362847569070202754135470096615830295136758914777169158799796335136432922021411254433942630550361/5000000000000000000000000000000000000000000000000000000000000000000000000000000000000000000000000000000000000000000000000000000000000000000000000000000000000000000000000000000000000000000000000000000000000000000000000000000000000000000000000000000000000000000000000000000000000000000000000000000000000000000000 -1758320963302749425874140339557518135722833402155863070262247639287080216782310633090114970351614966881081860379195712872720554404177236719873920744531395993511761481715105721485926984647944831235899979305667492324864193455501195035920693128966546716190851682691531741547336150018757986900001440553266803035539/2500000000000000000000000000000000000000000000000000000000000000000000000000000000000000000000000000000000000000000000000000000000000000000000000000000000000000000000000000000000000000000000000000000000000000000000000000000000000000000000000000000000000000000000000000000000000000000000000000000000000000000000
-8489589415343580017852423019450128140298787764078743879987537285629478938599739524167515561526876508940491072693326149993206241694046084818610023045191955168741914522959709196136670349428489921659370373900661416224410083983226873019312674760830175522478743335832098951635606143158800325350282389259860902571389/10000000000000000000000000000000000000000000000000000000000000000000000000000000000000000000000000000000000000000000000000000000000000000000000000000000000000000000000000000000000000000000000000000000000000000000000000000000000000000000000000000000000000000000000000000000000000000000000000000000000000000000000 2591078099259833795010289166866099192315399751871472839488394930249078431365398050657240833719801505440270336348311255466737861022472628987589159347129898400442881600216041375417557869450023371745954871757809499810360870475282422020101447657764944654287230300633004460013490319931627345720640212024923073437843/5000000000000000000000000000000000000000000000000000000000000000000000000000000000000000000000000000000000000000000000000000000000000000000000000000000000000000000000000000000000000000000000000000000000000000000000000000000000000000000000000000000000000000000000000000000000000000000000000000000000000000000000

-1
2422794554156188724906068496969584057176031452147216995051248426343709547348800400847329451789125011675655732220847525635592323350191775187352672634725605758482412467636945211275536720304888567523349933013360538795953106306859774247820982809777533519819377779082900194892891672330477840915238881466935857549167/2500000000000000000000000000000000000000000000000000000000000000000000000000000000000000000000000000000000000000000000000000000000000000000000000000000000000000000000000000000000000000000000000000000000000000000000000000000000000000000000000000000000000000000000000000000000000000000000000000000000000000000000 3020323566018243946849785948754009071631651653595396801208250338557289510845575239767560255396406394140006436729662567342277933418020114411400346326694108259487651699786644297999287443347524931356252235293005614714020141157632911660029601288320085624442592314800712089395308546323409905321604685473954472305127/10000000000000000000000000000000000000000000000000000000000000000000000000000000000000000000000000000000000000000000000000000000000000000000000000000000000000000000000000000000000000000000000000000000000000000000000000000000000000000000000000000000000000000000000000000000000000000000000000000000000000000000000
0 0

0 0

0 0

