1                                                

-0.279669366212094215718349115723e-22 0.295108246454424307943135147013e-22
-0.500539690861153427918825484329e-22 0.481854415576153066731440618339e-22
-0.417538418548269132914356412232e0 -0.553219472349896647934322628098e0
0.250434771463165414825230535215e-22 -0.521762976826473977098915564253e-22
0.100000000000000000000000000000e1 0.000000000000000000000000000000e0
0.205622590352957292140466460179e0 0.793491319896377535226830919822e0
0.337598511293778434363397110984e0 0.830994418488822071740292489866e0
0.273619199569880093408227559416e-1 0.184631585944238107015611704804e0
0.100000000000000000000000000000e1 0.000000000000000000000000000000e0
0.521365721269981277103743656018e-1 -0.187618246805538214006620753822e0

