1                                                

0.561188243616557815398e0 -0.321682782606667644923e-1
0.100000000000000000000e1 0.000000000000000000000e0
-0.705751448202889317086e0 0.105696446916163585808e0
-0.750274778916710395951e0 0.330394716438440553765e0
-0.487784068392163269159e0 -0.822819562190661830297e0
0.205622590352957292055e0 0.793491319896377535204e0
0.337598511293778434411e0 0.830994418488822071786e0
0.273619199569880092826e-1 0.184631585944238107028e0
0.100000000000000000000e1 0.000000000000000000000e0
0.521365721269981277576e-1 -0.187618246805538213952e0

