1                                                

-0.247320601359450021049e-19 -0.335664109189019332079e-18
-0.417538418548269132989e0 -0.553219472349896648040e0
0.125695035322141131643e0 -0.711811257215878507700e-1
0.100000000000000000000e1 0.000000000000000000000e0
-0.272772503651130484271e-1 0.206619146749865821282e0
-0.356251219018977326267e0 0.309852979806465189037e0
0.773041143865198696548e-2 -0.401373217506100092296e0
-0.335447203120508852085e0 0.264820523852850549836e0
-0.144789222035319718453e0 -0.949769398344557250506e0
0.100000000000000000000e1 0.000000000000000000000e0

