1                                                

-0.771657535811103480335e0 -0.624487276760227360455e0
-0.153760115011059432513e0 -0.706299054558370212689e0
0.340788205783541827689e0 -0.674671956761162543875e0
0.100000000000000000000e1 0.000000000000000000000e0
-0.207716856893582707688e0 0.969245222025164322689e-1
-0.356251219018977326538e0 0.309852979806465189173e0
0.773041143865198675711e-2 -0.401373217506100091916e0
-0.335447203120508852058e0 0.264820523852850549728e0
-0.144789222035319718453e0 -0.949769398344557250235e0
0.100000000000000000000e1 0.000000000000000000000e0

