1

0
-0.9444413561449042237715604853676141937680e-19 0.6780343165379341990830389048730466350429e-18
-0.4175384185482691327387721617193465669984e0 -0.5532194723498966480107141627430965106793e0
0.1256950353221411323191490093348312371764e0 -0.7118112572158785043896012368392895677077e-1
0.1000000000000000000000000000000000000000e1 0.0000000000000000000000000000000000000000e0
-0.2727725036511304893650616003050627741257e-1 0.2066191467498658210453911919279253919310e0
-0.3393761495546581831433166460070378514863e-18 -0.1302253233456143323445673671109160660687e-17
0.6729278469365936702147295667922128834602e0 -0.2907475515201422065188387219012526717166e0
-0.4501469357820195528764299396189535306664e0 0.3018188974064899556856051638024377857706e0
0.1000000000000000000000000000000000000000e1 0.0000000000000000000000000000000000000000e0
0.1037455193796908854003516712382885673558e0 0.6840247370117653267368156823540884815977e0

