1                                                

-0.763246257278709946029e-1 -0.170773705804457886760e0
-0.538949820702455846598e0 -0.531101282838507332963e0
-0.371036814524303259474e-1 0.326591249460009701880e-1
0.100000000000000000000e1 0.000000000000000000000e0
0.713420533021832049592e-1 0.161423762968801782290e0
-0.449169171106786924781e0 0.548902709541133441106e0
0.111206572524563585027e0 -0.715979653302742458229e0
-0.114944271990860284882e0 0.817562240439134951082e0
-0.167613883782309947587e-1 -0.937697720466215769086e0
0.100000000000000000000e1 0.000000000000000000000e0

