1                                                

0.209531233681987145618e0 -0.187911232137684601204e-1
0.565909961702202283119e0 0.517626522086502102618e0
0.100000000000000000000e1 0.000000000000000000000e0
-0.524750247099960939631e-1 0.832583262868531196019e0
-0.343684256831807262162e0 -0.121194085283694530752e0
0.617712495246523707261e0 0.532619212456952920783e0
0.768790790585386289930e0 0.606656818253939878426e0
0.356887063063841776170e0 -0.653779758773822279269e0
0.100000000000000000000e1 0.000000000000000000000e0
-0.437179730446582036438e0 0.480565545613415624933e0

