1

0.508664438905188908530e0 -0.567223916287005197536e0
-0.758115374302087114344e0 -0.469486163453979439347e0
0.319139858730303997860e0 0.650915003350383304117e-1
0.100000000000000000000e1 0.000000000000000000000e0
0.154982166125062006753e0 0.193092941510363412985e0
0.100000000000000000000e1 0.000000000000000000000e0
-0.166184051611781261951e0 -0.255952478669809335064e0
0.852624640493720951646e-2 -0.592306010793622763830e0
-0.244570525880594435791e0 0.166100444380082125606e0
-0.139334658763724220001e-1 0.536836936023491610270e0
