1                                                

0.100000000000000000000000000000e1 0.000000000000000000000000000000e0
0.686474514008372117458807257036e0 0.472394409965506142703079166974e0
0.780196537098612863146941351783e-1 0.714925946038474037767428966589e0
-0.501148640767327976102371955172e0 0.768821716075346833185702422369e0
0.131157759554858752084617400902e0 -0.168568405743912199101155862983e0
0.113629927109369172192330658194e-18 -0.447083279330844846151387884325e-19
-0.397396197539290880523540118669e0 0.563999552415140248402458170329e0
0.333750907385914846331301211265e0 0.708705505490916548396712288977e0
-0.802805603114566042381451182201e0 0.491264836888342383690624898265e0
0.100000000000000000000000000000e1 0.000000000000000000000000000000e0

