1                                                

0.467597577902736451867e0 -0.688552604528185006807e0
0.100000000000000000000e1 0.000000000000000000000e0
0.558743928997936710424e0 0.107166324891667592891e0
0.173698982542227572419e0 0.739431112330592658693e0
-0.799613320842338007633e-1 -0.191146420880202731261e0
0.107841038784106105008e0 0.800530906145302828417e0
0.360141505598816544020e0 0.428769878352468302926e0
0.100000000000000000000e1 0.000000000000000000000e0
0.262566028906450071119e0 0.338128603745430745034e0
0.505009294914863289284e-1 -0.713652127803346008586e0

