1                                                

-0.627852494659496616458e-1 -0.355127313502045675306e0
0.100000000000000000000e1 0.000000000000000000000e0
-0.240642380309822272839e0 0.650016013101250342938e0
-0.814686250684208157946e0 0.300432958803842683722e0
0.558106871738774494449e-1 -0.475572868666815073182e0
0.100000000000000000000e1 0.000000000000000000000e0
0.242263361366217550626e0 0.230005066795478747000e-1
-0.241551076714470754975e0 -0.317065060781570266205e0
-0.174662238874610972853e0 0.687783067927314200151e-1
-0.102789211665766922297e0 -0.408870577412139745148e0

