6
0
0
52
3.419399945101119e-01 8.092177491080683e-02
-4.827653569540610e-01 -5.239515276340873e-02
-4.490781949324659e-01 -4.455721929801445e-01
-8.469488319832823e-01 9.479471875085312e-01
5.057957706621982e-01 -4.148816296463109e-01
4.003878267728888e-01 -2.525307797079919e-01
2.775557561562891e-16
5.647403059345548e+01
3.365078325581298e-16
3.906250000000000e-04
2.120329789806348e-14
0.000000000000000e+00
1
1
-1

2 0
2 6
187620125398079477027713877682455695961886620301723909051871987854986591067233367764752588297629612275479396706779283969854283492265697949260194904126394067733220437244485087656172182202626341921536801083332099701180628731273404553063425759451606932431644897286655749146810498277498129399250455669981911229167/400000000000000000000000000000000000000000000000000000000000000000000000000000000000000000000000000000000000000000000000000000000000000000000000000000000000000000000000000000000000000000000000000000000000000000000000000000000000000000000000000000000000000000000000000000000000000000000000000000000000000000000 -5710327405756398838046188234151165831347584588146935119997050841658903555066276642393266356213561634977659572279255501298837853873652022819823014646230236270811202443192538485725181344300357457254784742562426219828202668527677578207119160675394333746445102142722539665738504181242157703103722684161539650069693/10000000000000000000000000000000000000000000000000000000000000000000000000000000000000000000000000000000000000000000000000000000000000000000000000000000000000000000000000000000000000000000000000000000000000000000000000000000000000000000000000000000000000000000000000000000000000000000000000000000000000000000000
-45803348948685276275575358767771722061643300873453555804172071693126223226474628113235599370658129247837019380904739279616859145942126145166347209927093828142807802036787651251804994995598565572689740539454562328775225357006351963431659612084603210382889312113208208113221782967561985027620151592176343101119/62500000000000000000000000000000000000000000000000000000000000000000000000000000000000000000000000000000000000000000000000000000000000000000000000000000000000000000000000000000000000000000000000000000000000000000000000000000000000000000000000000000000000000000000000000000000000000000000000000000000000000000 2418350142858131422434158564194285737118315681824856190971584149852439840354116801871638286947553860667478797847850766165668413541660286817614600161106518378778628475775226383210854133522367991236257450366413036611966204134281172930091498081609825339950329963260998289045299832733209755064557840777945689283613/5000000000000000000000000000000000000000000000000000000000000000000000000000000000000000000000000000000000000000000000000000000000000000000000000000000000000000000000000000000000000000000000000000000000000000000000000000000000000000000000000000000000000000000000000000000000000000000000000000000000000000000000
7097309021998405870598633968064823846507436166136207813597030029830201831982914508747391661370856358173765811180045768062236686813622744761320365997736085907902648164188865529565040619267170277066836949674790664323282640657869115149510135401318164380674491933627741300479956248894405235987160623076802121221851/10000000000000000000000000000000000000000000000000000000000000000000000000000000000000000000000000000000000000000000000000000000000000000000000000000000000000000000000000000000000000000000000000000000000000000000000000000000000000000000000000000000000000000000000000000000000000000000000000000000000000000000000 1698101662774653811309986791912394117893799741887034419216716583214248561628156799317255372888261091485563451851842424366176173144060129600270758476709838597254725504435233010101125819193606089258833969524735790507597956164764446586816472747761707010939521424133059972861770687345211125945570408962979011813169/50000000000000000000000000000000000000000000000000000000000000000000000000000000000000000000000000000000000000000000000000000000000000000000000000000000000000000000000000000000000000000000000000000000000000000000000000000000000000000000000000000000000000000000000000000000000000000000000000000000000000000000000
1247097700233114933846374534436362125274384006563925620712120078872987648466927040831127712742917478071890853411515737245512815594923230075836972179757053492820667738622861331658401168080658434673713762719466457906368562355512433335167852632920889729139175109828333978612541634466690047840280738365617162342941/50000000000000000000000000000000000000000000000000000000000000000000000000000000000000000000000000000000000000000000000000000000000000000000000000000000000000000000000000000000000000000000000000000000000000000000000000000000000000000000000000000000000000000000000000000000000000000000000000000000000000000000000 -7795606887470549613255024897729989601325406188606229651558558510079619557957493262658636512140845943885263127649010501832837051958802161054222827178404668916590512572715098301942018799903590553091279786148521314492781491561631073596580319475182023920241111198599568831075699684371603274917357395605072438454523/10000000000000000000000000000000000000000000000000000000000000000000000000000000000000000000000000000000000000000000000000000000000000000000000000000000000000000000000000000000000000000000000000000000000000000000000000000000000000000000000000000000000000000000000000000000000000000000000000000000000000000000000
0 0
0 0
0 0
0 0
0 0
0 0
6658235393439793692041141845291341996281672903344766029708736389602269175021437773053769479837473009750600657372396757716755452150466844845767463500295462938620836086256089874728941863056805024375565373713054907429310776794137748835362115951959684386747479632714005318877378408426875668276682325046959439086237/10000000000000000000000000000000000000000000000000000000000000000000000000000000000000000000000000000000000000000000000000000000000000000000000000000000000000000000000000000000000000000000000000000000000000000000000000000000000000000000000000000000000000000000000000000000000000000000000000000000000000000000000 4220946590939556950564429780752797514201497897849823607953197753487152037889275319201901257722312397456327828838355785080768367187781641441347949161983082159698107466528559668292883777947320152333181514083552883697678130518350216053271430896548828176088360524685386170278516473300734274194741818665140174536083/10000000000000000000000000000000000000000000000000000000000000000000000000000000000000000000000000000000000000000000000000000000000000000000000000000000000000000000000000000000000000000000000000000000000000000000000000000000000000000000000000000000000000000000000000000000000000000000000000000000000000000000000
4007199578056340923604501186240273198550721867794169468616236891723830009840811581785518241131609257107547287903970700742507178344267661584278103374104825230759245620420828891979846827217916265563325235803091004866268516220438721620886961234245674673795188499044562829841337125634308590462827540432797966085853/5000000000000000000000000000000000000000000000000000000000000000000000000000000000000000000000000000000000000000000000000000000000000000000000000000000000000000000000000000000000000000000000000000000000000000000000000000000000000000000000000000000000000000000000000000000000000000000000000000000000000000000000 6621892343392624593596711743351515105451629158121778713616199295621399187906209884649892083119572843200843053661943825422950247188556612354776696432635673796278359596617637663844949502793889738408332557589374795361685886407325995520931994348319268031073176639896471860987531587927382098998433009653234288711811/10000000000000000000000000000000000000000000000000000000000000000000000000000000000000000000000000000000000000000000000000000000000000000000000000000000000000000000000000000000000000000000000000000000000000000000000000000000000000000000000000000000000000000000000000000000000000000000000000000000000000000000000

-1
4647513618038940935409397255598772303488431821612806576555303042833429384996668616001493097129804357061510565401767823938463276536471568725378509511335388984626130235034377924328790732397562027162479524438427587598819940640496076453190945557874664734655536965130843953909182982790319175406903709909581443650799/5000000000000000000000000000000000000000000000000000000000000000000000000000000000000000000000000000000000000000000000000000000000000000000000000000000000000000000000000000000000000000000000000000000000000000000000000000000000000000000000000000000000000000000000000000000000000000000000000000000000000000000000 -6041261190261841606659818893656005270763537800535554492434493509296397861904134248018609761611555604112798233102832411065390324823045134099114259902427871546936616102494772073377107938552174115005491019447945786605362872873579815248991981529278134219727891053868718704890515811249330658437137492378005945947611/100000000000000000000000000000000000000000000000000000000000000000000000000000000000000000000000000000000000000000000000000000000000000000000000000000000000000000000000000000000000000000000000000000000000000000000000000000000000000000000000000000000000000000000000000000000000000000000000000000000000000000000000
0 0

0 0

0 0

