10
0
0
64
-0.307334832369148927209e0 -0.479393542504687606272e0
-0.938674852694775291436e0 0.486527073892185219651e-1
0.308646569757547952899e0 -0.432657083150165803082e0
0.769963980571527425740e0 -0.697175203409821747072e0
0.898089457978033491378e-1 0.129859935006561826089e0
-0.204409564251653986904e-18 0.256359815442434336996e-18
0.367518183919107704378e0 -0.367918355632210501081e-1
0.169885257678228376272e0 -0.383414948252896109628e0
-0.480138944194807494023e0 -0.152776240898487307315e0
0.350407916450935681560e0 0.404729772136096864395e0
8.57137077289234e-19
8.886422727855070e+18
1.78769306389578e-19
9.53674316406250e-8
2.01889744152322e-17
1.000000000000000e-01
2
1
-1

2 0
2 10
-321672398629036677073016811225269485108750279844917418349593296639709816384967061897439433126132316558484449768235975304197640941937613717797834524189409679029297477158469416194020951819830041474757020590392122989566488311084289139015172373254967336150304570854888910310866214782150558601608970094377415324267/2000000000000000000000000000000000000000000000000000000000000000000000000000000000000000000000000000000000000000000000000000000000000000000000000000000000000000000000000000000000000000000000000000000000000000000000000000000000000000000000000000000000000000000000000000000000000000000000000000000000000000000000 -5656671655414638626494630275757941796755074824074440221833336556830868559784781396216531811883713163346695541730554360607553171449774777429403104012922323512265336794992857466166370132272414470471755032570676213689844636934369589238753000238424867595888194425888786563061267671716495487689822382348851591002993/10000000000000000000000000000000000000000000000000000000000000000000000000000000000000000000000000000000000000000000000000000000000000000000000000000000000000000000000000000000000000000000000000000000000000000000000000000000000000000000000000000000000000000000000000000000000000000000000000000000000000000000000
-9961191954437790054580180134659657791096112080590664803365131491715947338719609500266517508859454242313730393894057604066693505040656844539499381014348693613364842228902772810893175667784003917833955619323580587802775440265481572111519730063610449275150056485972956135712086191578495612367423381354470478708807/10000000000000000000000000000000000000000000000000000000000000000000000000000000000000000000000000000000000000000000000000000000000000000000000000000000000000000000000000000000000000000000000000000000000000000000000000000000000000000000000000000000000000000000000000000000000000000000000000000000000000000000000 913389935236330835440368535052751650830567046365778583233138228568192064285163995555294308107209914611800817479177970371267753116067793702991907500463931691080502246790603458496976682588744197551439425176015787273054319370031557049484157670692284173279371235668064042988666752034502388275468253501547579157739/100000000000000000000000000000000000000000000000000000000000000000000000000000000000000000000000000000000000000000000000000000000000000000000000000000000000000000000000000000000000000000000000000000000000000000000000000000000000000000000000000000000000000000000000000000000000000000000000000000000000000000000000
-336874559013979727371832116135221046837870677808708596603590692780801985717810783749638169328918207725885513879451026253245341941096793899366506064807209408667861920211796780342167130318707384903163215535984963693270369049068917075951527360654837113752670246434751414987157174477251506807092642393608675204563/400000000000000000000000000000000000000000000000000000000000000000000000000000000000000000000000000000000000000000000000000000000000000000000000000000000000000000000000000000000000000000000000000000000000000000000000000000000000000000000000000000000000000000000000000000000000000000000000000000000000000000000 5951179178702503912489120977419233083187038352731845472688771250214045433232758585159137540505766590566866503555760753784945605510697306032155164869329350227189890560423173040031625430821504537569189838683121779228597261245793899374338391983011290487869860324099589663421957350515076262274595399406233052089141/10000000000000000000000000000000000000000000000000000000000000000000000000000000000000000000000000000000000000000000000000000000000000000000000000000000000000000000000000000000000000000000000000000000000000000000000000000000000000000000000000000000000000000000000000000000000000000000000000000000000000000000000
7914173567158235028004288872699950265907706032690456706986362977341131417141422598759171223229380236659548456050456379675634122910866756699205768048405983190500033380526465276698590622047697544848987347964683958743530891767329272037353710771422969719360513144871224948194152799873765640235277044643014854458473/10000000000000000000000000000000000000000000000000000000000000000000000000000000000000000000000000000000000000000000000000000000000000000000000000000000000000000000000000000000000000000000000000000000000000000000000000000000000000000000000000000000000000000000000000000000000000000000000000000000000000000000000 -219444687281547154901114235901593203392132115250818112537608795754881796482275823491618988969837834955818962414076525682241385512628390507037196143563776398781451316290857324896266904959942273855614749758604656834501222937292469312558354685101541233354696083151821456181844232421814470299251218500371825274763/625000000000000000000000000000000000000000000000000000000000000000000000000000000000000000000000000000000000000000000000000000000000000000000000000000000000000000000000000000000000000000000000000000000000000000000000000000000000000000000000000000000000000000000000000000000000000000000000000000000000000000000
368326533864648229962323848064827427116016024136184167817289575816983471713455525027426422771005590387449827571005355341772886572177889355007124318421195834757999562026114369615730182973303375132659149270805186726940303305347882770955999078688217610117079599127185421530863953594719500322485430485333002230127/2500000000000000000000000000000000000000000000000000000000000000000000000000000000000000000000000000000000000000000000000000000000000000000000000000000000000000000000000000000000000000000000000000000000000000000000000000000000000000000000000000000000000000000000000000000000000000000000000000000000000000000000 6791417541456760634858216697303173842194201488087242382401792186430624554649804770240845616346595388524130345796704552022121216019603695498801627637339580410411837590977068933578983516759577036254596078879466792976114630630910184146847709367487093095971690099221361258451919886197153622912820211586480962284151/10000000000000000000000000000000000000000000000000000000000000000000000000000000000000000000000000000000000000000000000000000000000000000000000000000000000000000000000000000000000000000000000000000000000000000000000000000000000000000000000000000000000000000000000000000000000000000000000000000000000000000000000
0 0
0 0
0 0
0 0
0 0
0 0
0 0
0 0
0 0
0 0
812114904760241438716675869889833411882342817522947987917228976670617030146852285692753627800728404988904369371704023246273016842257526225558323243086111511455491981345108607413262251644707768899548164799284856082702717266685651106533740299707460353138680146831880679749327626880918339704836994954978150219829/2000000000000000000000000000000000000000000000000000000000000000000000000000000000000000000000000000000000000000000000000000000000000000000000000000000000000000000000000000000000000000000000000000000000000000000000000000000000000000000000000000000000000000000000000000000000000000000000000000000000000000000000 -8515340297264204598579999727293906572527525330407061653721414152548700065458518812132325513515966120646126656062090622658809993901755207842478980489889200261967285661603659425437382153285640436996073238488379982739087397553405804052732593584791385527407349652460370548141305831880510594105026450806291884172079/10000000000000000000000000000000000000000000000000000000000000000000000000000000000000000000000000000000000000000000000000000000000000000000000000000000000000000000000000000000000000000000000000000000000000000000000000000000000000000000000000000000000000000000000000000000000000000000000000000000000000000000000
7631274122234047225604301316456615231636323334829053980561902432256407885042811216051845112721652869076964295324099821692659669207659458477786563898541177935080987388803626374261091012819047976126695245645951126864992306387738947935587802790856760879547160012095179349322201129874126609448442459820836161047103/100000000000000000000000000000000000000000000000000000000000000000000000000000000000000000000000000000000000000000000000000000000000000000000000000000000000000000000000000000000000000000000000000000000000000000000000000000000000000000000000000000000000000000000000000000000000000000000000000000000000000000000000 7812929725360942493117822274700187408109496229937482610979799242243206740639869918011579656792248349647685577071652814044797007280184676607781201701278909686523496338337884883965238682054300926115525156867184432747163841527806695468180718569876044406509432925933352357641560231067096813033863742618147173003/8000000000000000000000000000000000000000000000000000000000000000000000000000000000000000000000000000000000000000000000000000000000000000000000000000000000000000000000000000000000000000000000000000000000000000000000000000000000000000000000000000000000000000000000000000000000000000000000000000000000000000000
708022125028053064946326859112762643337326314039469380234765111076007335038520827333900236646441185850532659855368329797741497030147239927727604632698800890754075015686953357096265505747042864572748930304154433025958829464615208451650377923274427075460703030460065595116932122428401638569738046316569069205127/2000000000000000000000000000000000000000000000000000000000000000000000000000000000000000000000000000000000000000000000000000000000000000000000000000000000000000000000000000000000000000000000000000000000000000000000000000000000000000000000000000000000000000000000000000000000000000000000000000000000000000000000 3979781850994318955726027686123391815532432832825691262832812992383512708911248428277445539852801948228798059194044318493838291664104660657458623764670971916153449281856468942622792199266086436397829101831768206632239336702826984740488302192745753665358524506977347262772654656894410070156982820444941268976677/5000000000000000000000000000000000000000000000000000000000000000000000000000000000000000000000000000000000000000000000000000000000000000000000000000000000000000000000000000000000000000000000000000000000000000000000000000000000000000000000000000000000000000000000000000000000000000000000000000000000000000000000
-2881734211200166602541842643171772764650989592177504591696714006566798349586097657491672849127366259039487972229353550383304677054141235547768964902404589763908056685515885930232765123616365643234371621368644755681321871107179842006955499245974152478000278812900880118671897466655671754065973481619210775333797/10000000000000000000000000000000000000000000000000000000000000000000000000000000000000000000000000000000000000000000000000000000000000000000000000000000000000000000000000000000000000000000000000000000000000000000000000000000000000000000000000000000000000000000000000000000000000000000000000000000000000000000000 9318438760729338901295414096535593122923368145946697225489563610332275838606186141987351313442595578351071601481740320504266642950953268005570429173093329325675317884922406923958060189197101817243704129832560327218662888273602931271223526842151624102516143687234550902202639618899059783908291126473539433409173/10000000000000000000000000000000000000000000000000000000000000000000000000000000000000000000000000000000000000000000000000000000000000000000000000000000000000000000000000000000000000000000000000000000000000000000000000000000000000000000000000000000000000000000000000000000000000000000000000000000000000000000000
4220223449550929608506603371841175938635671974675225112053512396005740121890149655758674174251357944141835597714499870417362669298321219718924682443112331910446782451224046470821240208487407870757362354107664335727931156479243719293512369565105135736714618649426927272532601326395738244459872221799973740095649/10000000000000000000000000000000000000000000000000000000000000000000000000000000000000000000000000000000000000000000000000000000000000000000000000000000000000000000000000000000000000000000000000000000000000000000000000000000000000000000000000000000000000000000000000000000000000000000000000000000000000000000000 -1755399505942016882628524555624623076246840133113562259413409892072688989015666016964937320031105088062460958675637576361014572321020700092175140891497893424190826070810580340965297917261861736121547066749058818833254529775161600228372310210191291099765080448498198328620945126773146948199470364190386070738329/5000000000000000000000000000000000000000000000000000000000000000000000000000000000000000000000000000000000000000000000000000000000000000000000000000000000000000000000000000000000000000000000000000000000000000000000000000000000000000000000000000000000000000000000000000000000000000000000000000000000000000000000

-1
-91896205122057451819555132459076360468823996357274112204515810254140204302908090701064213977207812326703370162486791332372510203142242226468602146470310524802797551507833668988146889621351156857807401825417168656394251107111395824277849201454501362080188367769983496361473207034080151636610226224496494719897/125000000000000000000000000000000000000000000000000000000000000000000000000000000000000000000000000000000000000000000000000000000000000000000000000000000000000000000000000000000000000000000000000000000000000000000000000000000000000000000000000000000000000000000000000000000000000000000000000000000000000000000 1419755980796897627902570619637416115975820360149998035964038348378218059967249987091378035057824772568910774195673913393538175869095318241304126011148090472671215696313949762969077387868579709006558253623514006357800695043084059083727640611552478865792158728799491440401011603507034683362079938259735816767317/250000000000000000000000000000000000000000000000000000000000000000000000000000000000000000000000000000000000000000000000000000000000000000000000000000000000000000000000000000000000000000000000000000000000000000000000000000000000000000000000000000000000000000000000000000000000000000000000000000000000000000000000
0 0

0 0

0 0

