1

0
0.904483631400038470366e-1 -0.540720341522253412079e0
-0.701331757540563628227e0 -0.571842858162102382733e0
0.499847653390322183920e0 -0.109324196777833790219e0
0.100000000000000000000e1 0.000000000000000000000e0
-0.198215931965521112448e-1 0.150709402862864197913e0
0.112109660406805064232e-18 0.602114530598155769453e-18
0.397396197539290879218e0 -0.563999552415140251898e0
-0.333750907385914849751e0 -0.708705505490916547575e0
-0.802805603114566043884e0 0.491264836888342381873e0
0.100000000000000000000e1 0.000000000000000000000e0

