1                                                

-0.399475631175217045800e-1 -0.390712153995424878725e0
-0.682979475402206358920e0 -0.658123953958328872888e0
0.465989919627363942802e0 -0.240486906016732154343e0
0.100000000000000000000e1 0.000000000000000000000e0
-0.887168034992860197720e-1 0.200286613316361968595e0
0.268791652187361159788e0 -0.820844930142586347429e0
0.558939140953601993212e0 0.481519727134000773020e0
0.257253338881390148681e0 -0.815462470316945259080e0
-0.858513609389174534524e0 -0.336203832056261392637e0
0.100000000000000000000e1 0.000000000000000000000e0

