1                                                

-0.920460224112679710525e-1 -0.186839051398218993950e0
-0.300242422242934052935e0 -0.682954943270813973652e0
0.741277636799259161661e-1 -0.781010987042378278136e-1
0.100000000000000000000e1 0.000000000000000000000e0
-0.149178075650734487295e-1 0.154402918045200202184e0
-0.268932849417926643807e0 0.666812003569847382102e0
-0.457918674818663504656e0 0.258467512636727885379e0
0.100000000000000000000e1 0.000000000000000000000e0
-0.203749111170633178002e-1 0.766656101025039307941e-1
-0.977561609154432460260e-1 -0.101850030415986274188e0

