10
0
0
96
-0.176124624330753872478867877596e-19 -0.810388071879880576220914153503e-21
0.327360734172229671365345044494e0 -0.558257288472781732949568248813e0
0.366723366818484940560878003645e0 0.231911036022170287482379845413e0
0.431121195727246967325651872329e0 0.197988964307512415633884133223e0
0.128890229591745535988569979683e-1 0.606084317194828223082168394254e0
0.818845972414094693204850946314e-19 -0.782188861568250454239433613222e-19
0.239842415830380310955713180982e-19 -0.290249971919402840993110765378e-20
-0.181931605790689025401528709659e0 -0.896508690703532175317846738414e0
-0.107483291466453434465946819040e-19 0.102854042881324064462033783221e-19
0.676647382251883076006419138724e0 -0.528387915329846893882154999980e0
4.18359885913842e-19
4.346593281316359e+28
2.38122399786600e-22
9.53674316406250e-8
8.48666625768637e-18
1.000000000000000e-01
2
1
-1

2 0
2 10
-51876203186181017564339819072557967061088418154862112829837055718981052140696615217834383379834311930350984906858757865870022704501758065890983858124598040305139699757846246817199133395098092591572483342574741868977894452936583613179128969223568394475682434663666091353352980493444108050477492815640372052797/62500000000000000000000000000000000000000000000000000000000000000000000000000000000000000000000000000000000000000000000000000000000000000000000000000000000000000000000000000000000000000000000000000000000000000000000000000000000000000000000000000000000000000000000000000000000000000000000000000000000000000000 385868637528919562321092717247517569956788146166909481707145045963798041635800723037090970796786412383991464883569746766847793160372311829651670955979214101390918655187066147131235421371426840163503402773433276837432633839957384546254709365695955500835098817242047738771472286611901676745242786262402248299147/625000000000000000000000000000000000000000000000000000000000000000000000000000000000000000000000000000000000000000000000000000000000000000000000000000000000000000000000000000000000000000000000000000000000000000000000000000000000000000000000000000000000000000000000000000000000000000000000000000000000000000000
1083163295856368885164650633616431604670319867262688009500859673441456478878507857405098271264984883930229821225643136642758609749346533709347307266916988405066650955813732186071830450369804312934006559810532720161007902529789714229867929898283706297947919688603137497262269286149194457173629837944903538617693/10000000000000000000000000000000000000000000000000000000000000000000000000000000000000000000000000000000000000000000000000000000000000000000000000000000000000000000000000000000000000000000000000000000000000000000000000000000000000000000000000000000000000000000000000000000000000000000000000000000000000000000000 -566580534216082001552973617221077984403853325768503696566660205344110151554826781091932030982493386533731614083735910002843542401199734246786815751515386133532951597943181884574038842294248750234374772020984854413146719750405413400619383748087744781705134435507613780536334902841976818933563838604325964606801/1000000000000000000000000000000000000000000000000000000000000000000000000000000000000000000000000000000000000000000000000000000000000000000000000000000000000000000000000000000000000000000000000000000000000000000000000000000000000000000000000000000000000000000000000000000000000000000000000000000000000000000000
8514992140680972082380844058405580468729244661646075433367534330814438508489848891666404576630724357169745555191554303643405335425512171132221865587585444915448426984724248478862491680214990621304878426325235945000764985982416973534589942271905377601381467900243478189527977008741575832458237862224165977233661/10000000000000000000000000000000000000000000000000000000000000000000000000000000000000000000000000000000000000000000000000000000000000000000000000000000000000000000000000000000000000000000000000000000000000000000000000000000000000000000000000000000000000000000000000000000000000000000000000000000000000000000000 -5941217313618400260626481561858144979833195927913407373473137889030095914600943853967478102261433498770425112532682716141264943752344297736909337538446217718611052431994845166730606197511884091726337070169381279007836918291270214792333187722036152086834081234090853942192159681710891954410493232531041243090071/10000000000000000000000000000000000000000000000000000000000000000000000000000000000000000000000000000000000000000000000000000000000000000000000000000000000000000000000000000000000000000000000000000000000000000000000000000000000000000000000000000000000000000000000000000000000000000000000000000000000000000000000
6833213847517801954444315933480380669575373036231642529220748890095023751402842948922507887345705326484273082492650546655265318211069936547285493563741969973793622605649043439571357119214683461988087522941623575865485456907731161307769778358711793409273592262581051157271914370583713786731711351536804740293249/10000000000000000000000000000000000000000000000000000000000000000000000000000000000000000000000000000000000000000000000000000000000000000000000000000000000000000000000000000000000000000000000000000000000000000000000000000000000000000000000000000000000000000000000000000000000000000000000000000000000000000000000 -7145909310856498534713657792570653710305069379112182870994713253234035423447342902638489989385349686074489792487064722155532815625395561879841888600886286675737167383054111511305188646697202345440131385828339868378836111937903616250365918895930171433348255536962130477300848797705354223281169382642853731212283/10000000000000000000000000000000000000000000000000000000000000000000000000000000000000000000000000000000000000000000000000000000000000000000000000000000000000000000000000000000000000000000000000000000000000000000000000000000000000000000000000000000000000000000000000000000000000000000000000000000000000000000000
1845155005382362061176868291304373642831000565794863916062103167465928201912787522928697671488138179702384647410532807337296196694312262474281600947022802222119150502051892322551872272618749392771472677073383021462035379583197716635284824781721663691975109177628262013186210958157969419767070102244161496951849/2500000000000000000000000000000000000000000000000000000000000000000000000000000000000000000000000000000000000000000000000000000000000000000000000000000000000000000000000000000000000000000000000000000000000000000000000000000000000000000000000000000000000000000000000000000000000000000000000000000000000000000000 -1588899410768516028388829601627842161789103757798195846210857494616314745329640764912147701362379837699532717125236513324008178314131569359666667376840016369519083265294521873496614950123532208670996581422118902047833875184673660280561907545626690671488426236522251683359272852330118134493365565502203203752893/2500000000000000000000000000000000000000000000000000000000000000000000000000000000000000000000000000000000000000000000000000000000000000000000000000000000000000000000000000000000000000000000000000000000000000000000000000000000000000000000000000000000000000000000000000000000000000000000000000000000000000000000
0 0
0 0
0 0
0 0
0 0
0 0
0 0
0 0
0 0
0 0
-4785101152624513610260280557433875987861549807451555766994081476469726559840973872402776286952879980113755500024385470784753502871087180313136696501564016937573243559364326334919777326026169597171694808740875496146791219105370217026163829923159733312480002673292952923329996909037214232125819392693408768085251/5000000000000000000000000000000000000000000000000000000000000000000000000000000000000000000000000000000000000000000000000000000000000000000000000000000000000000000000000000000000000000000000000000000000000000000000000000000000000000000000000000000000000000000000000000000000000000000000000000000000000000000000 1503755521703973093540074780031737631824512240961360307492922036853025384439376633187059834521834927799658123332535687577884041259030363991983281789669145190522173284039678346043070010855271218943169952200037876503788691689840913423161906637323476126262137035158117099790935380063816061654428985677272858613661/10000000000000000000000000000000000000000000000000000000000000000000000000000000000000000000000000000000000000000000000000000000000000000000000000000000000000000000000000000000000000000000000000000000000000000000000000000000000000000000000000000000000000000000000000000000000000000000000000000000000000000000000
4735974983602944234697685291683196539398390635777875242342906126793854303064679183173008816145549286717519337241759460141604893643580814051604533677250886252680193555945853737926154337879238797850842401077594594261738254718653943132146543265840076178281155197088146723185538891605535821122090875985289671551029/10000000000000000000000000000000000000000000000000000000000000000000000000000000000000000000000000000000000000000000000000000000000000000000000000000000000000000000000000000000000000000000000000000000000000000000000000000000000000000000000000000000000000000000000000000000000000000000000000000000000000000000000 1866775829188123070844367914528344760005246501280879682395849632052565190654448905341039003803958087869414194658550139878586200812424778683872722036212241511918036148264547650050234009542194599413777491017249048793033565741676612869771953246963787309551258304661109303694776498749952799021772439825644135178133/2000000000000000000000000000000000000000000000000000000000000000000000000000000000000000000000000000000000000000000000000000000000000000000000000000000000000000000000000000000000000000000000000000000000000000000000000000000000000000000000000000000000000000000000000000000000000000000000000000000000000000000000
-590372223603953949681006269517502390478580831072098040683960187286462583590718492852111738534850665790346845297534504225060806855781652980548603216408490537079514864334328761800023474026826789307532071914377721129713371925184634905420779297307649207044670946699335577272078220490665708632778209077855498657137/1000000000000000000000000000000000000000000000000000000000000000000000000000000000000000000000000000000000000000000000000000000000000000000000000000000000000000000000000000000000000000000000000000000000000000000000000000000000000000000000000000000000000000000000000000000000000000000000000000000000000000000000 103080826360353402315350751313491599313844931681262884889646257044010307330964373668462724399172169429100751746150738710130829323631319516353935421115953461103721824134570633836336887305548967682695257718827821578350609683781802187239817859748654343415553376889486901818131343871658713457868117135628425933859/312500000000000000000000000000000000000000000000000000000000000000000000000000000000000000000000000000000000000000000000000000000000000000000000000000000000000000000000000000000000000000000000000000000000000000000000000000000000000000000000000000000000000000000000000000000000000000000000000000000000000000000
2821551534525346682760598452989000008696564320891099786460679983749559846114355710627844829410544132911532594322858617634925866537707183340384162957203012595063282722962775367560304662967125422117267545588027079808501374920557652873493280453023523229856694826000934991681700370614222274450074955076108725309551/5000000000000000000000000000000000000000000000000000000000000000000000000000000000000000000000000000000000000000000000000000000000000000000000000000000000000000000000000000000000000000000000000000000000000000000000000000000000000000000000000000000000000000000000000000000000000000000000000000000000000000000000 3106728261404059835653124631763778063463609855205447317709034109609823020436305033737993632394949166708079633595381427947729753982291923293189081087284191237049290182020947376444903038706729155399121777829869339505478268906497502204770405449947761409882573490803387607045981213051527197495115382525991808181817/5000000000000000000000000000000000000000000000000000000000000000000000000000000000000000000000000000000000000000000000000000000000000000000000000000000000000000000000000000000000000000000000000000000000000000000000000000000000000000000000000000000000000000000000000000000000000000000000000000000000000000000000
4421870776179478497793944594799207312684940734229465042435098211532394584433034933363694927014920389728299392652919041588387660563444002315218521967689039836392860303076491795086134215718150829489639405071505396655126977540469887373023638925290609767721170062986153272726838207974998427889477389278241101992717/5000000000000000000000000000000000000000000000000000000000000000000000000000000000000000000000000000000000000000000000000000000000000000000000000000000000000000000000000000000000000000000000000000000000000000000000000000000000000000000000000000000000000000000000000000000000000000000000000000000000000000000000 -1455337118548335979025781645583829183322273290737903666270360130440991879787692506221967511688017828467547030237194832440843734845007495419963405136168860337954567339169229901822475396751364481919018046622288869026507743233623622295571931525790797411119883171817457619729274430370207766554723166769293586970169/500000000000000000000000000000000000000000000000000000000000000000000000000000000000000000000000000000000000000000000000000000000000000000000000000000000000000000000000000000000000000000000000000000000000000000000000000000000000000000000000000000000000000000000000000000000000000000000000000000000000000000000000

-1
-4202514262831395135000405416841252851990525695897431948238562723600480362786165663428359803252309034586519667980204934776853663893475277357437061542571354823307591444260384056460765490981291813454414855766887754539675181795301230847480454475228444065933539625122849280376007748554068125747145900801790889244437/5000000000000000000000000000000000000000000000000000000000000000000000000000000000000000000000000000000000000000000000000000000000000000000000000000000000000000000000000000000000000000000000000000000000000000000000000000000000000000000000000000000000000000000000000000000000000000000000000000000000000000000000 -4572132817610444735709430254444567490227621835432293501375671625663019219030397747047806177162502963524541685059047239960263239384407877361098397474511615551943365727522238600591582302378024573065268501486091172376079217682975868241544248775282766714966096744595042393500613889849726680978453052718984258332647/1000000000000000000000000000000000000000000000000000000000000000000000000000000000000000000000000000000000000000000000000000000000000000000000000000000000000000000000000000000000000000000000000000000000000000000000000000000000000000000000000000000000000000000000000000000000000000000000000000000000000000000000000
0 0

0 0

0 0

