1

0
-0.126862880316677224394298720254e-19 -0.241097969467253951656990651024e-19
0.100000000000000000000000000000e1 0.000000000000000000000000000000e0
-0.224804924059300477923314666265e-1 0.670089947845404837784399643041e0
0.730711111582224338402033323687e-1 0.729413823231372012831970623377e0
-0.797800054693858295791813979294e0 0.490915999209140418777059596233e0
0.659951445150546600127208545601e-19 0.104729826750191505609328657854e-18
-0.210482630768246424802315925033e-20 0.263257985089356213499074916789e-19
0.100000000000000000000000000000e1 0.000000000000000000000000000000e0
-0.868219363946273506343239858132e-20 -0.137510039836693960613739840593e-19
0.418964538402246317465424601961e0 0.839780228903242572546730516666e0

