1                                                

-0.182827192533710754599e-1 0.835317430456510295477e0
-0.941959110692252700545e0 -0.118744464935729069054e0
0.572603118810729682026e0 -0.677225625899966338236e0
0.177838552724397882556e-1 -0.695754786254401499284e0
0.100000000000000000000e1 0.000000000000000000000e0
0.588253438861551121485e0 -0.688923377120440157335e0
-0.187029421356537934462e0 -0.179912251822040271862e0
0.831294229350061352217e-1 -0.768566236887647279206e0
0.290721838575734536220e0 0.210183687223740704199e0
0.100000000000000000000e1 0.000000000000000000000e0

