1

0
0.401778710170114524737e0 -0.328277390740480154565e0
-0.875705831268011342122e-1 -0.665059583004414178991e0
-0.715815640586950657938e-1 -0.535094164081019893985e0
0.100000000000000000000e1 0.000000000000000000000e0
0.878185433330571023184e-1 0.367914110646596390834e0
-0.849013850989030035643e0 0.493708937756837008912e0
-0.371542660587645907016e0 -0.198978812359385290022e0
-0.907306189195060756631e0 0.331679708673740086572e0
-0.337643242965305005038e0 0.321509987771715495389e0
0.100000000000000000000e1 0.000000000000000000000e0

