1                                                

0.556489505230566617905e0 -0.310885447390365190676e0
-0.110232250900752215234e0 -0.450785318550071252390e0
-0.243328095347567315205e-1 -0.550501047132339229771e0
0.100000000000000000000e1 0.000000000000000000000e0
0.126438677649983408278e0 0.392869246267430660387e0
-0.668612405300375235077e-1 0.511629202716705179630e0
-0.231219110113127180480e0 0.561826049650416188235e-1
-0.974940230838767487882e0 -0.212406360027050072157e0
0.118842872271961522956e0 0.225426560507367681400e0
0.100000000000000000000e1 0.000000000000000000000e0

