1                                                

0.253280706842752649930006886922e-19 0.172800952544646704344305270502e-19
0.306313607105242538209208969226e0 0.900345666523332102658507634626e0
0.100000000000000000000000000000e1 0.000000000000000000000000000000e0
-0.232125589349090594549466996032e0 0.497672244896991047219482758384e0
-0.290779844454479445731287378064e0 -0.189286660588844624272541405503e0
0.100000000000000000000000000000e1 0.000000000000000000000000000000e0
0.818800185178279862127370972711e0 -0.151944116065256634982528035848e0
0.874991641039650253693228139007e-1 -0.185245023425717170419748579513e0
0.991313924518316947627975532369e-1 -0.801822520219880834103392280502e0
-0.145729892150582827100103200939e0 -0.135155315113842714130514325712e0

