1                                                

0.150447317345298480054e0 -0.118735687740423295858e0
0.284524751022985071400e0 0.753750154389404532120e0
0.100000000000000000000e1 0.000000000000000000000e0
-0.435631409150454850856e-1 0.544310298750287621336e0
-0.251506162353999140131e0 -0.144283484551747058741e0
0.100000000000000000000e1 0.000000000000000000000e0
0.846006877148061081639e0 -0.140871751193020338261e0
0.335844861913852297500e-1 -0.203087404508144387126e0
0.174764787390017760734e0 -0.820381143864687697054e0
-0.107740626562885489343e0 -0.912853283777923160059e-1

