1                                                

-0.126035864371147016450276754056e-19 -0.167046945149223171351064943655e-20
-0.804189910020259910163263748507e0 -0.534693205951583511173681215536e0
0.425413649240814188202901068712e0 -0.448598364726229123567735636004e0
0.100000000000000000000000000000e1 0.000000000000000000000000000000e0
-0.143339568078158765913571234839e0 0.360262342689639341176190019662e0
0.736082021399832040977340444495e-20 -0.948240832167291938428208127088e-20
-0.696189687980797571947040208509e-20 0.218382677802637192888073078222e-19
0.100000000000000000000000000000e1 0.000000000000000000000000000000e0
0.253888165531072619660828648158e-20 -0.267105934144256567180760174041e-19
0.418964538402246317611054790456e0 0.839780228903242572544828550191e0

