1                                                

0.499054963855935527670e0 -0.370392396492759644685e0
0.100000000000000000000e1 0.000000000000000000000e0
-0.282209831222872668176e0 0.482416167546854980657e0
-0.444835620876298441198e0 0.418640037508529574528e0
0.168396994226313445321e0 -0.256826068817187789655e0
0.379741197153670245935e0 -0.815655039972310686499e0
0.231493949316813888391e0 -0.818057849224233971534e-1
0.100000000000000000000e1 0.000000000000000000000e0
-0.963239401785366005407e-1 0.159593828481882602408e0
0.433241479281789748271e0 0.563096082614825274408e0

