1

0
0.904483631400038444887e-1 -0.540720341522253410127e0
-0.701331757540563627577e0 -0.571842858162102382299e0
0.499847653390322182429e0 -0.109324196777833791629e0
0.100000000000000000000e1 0.000000000000000000000e0
-0.198215931965521118479e-1 0.150709402862864197926e0
-0.918933052529655063941e-18 0.251677064721838194478e-18
-0.397396197539290878568e0 0.563999552415140251518e0
-0.333750907385914849209e0 -0.708705505490916547466e0
0.802805603114566042908e0 -0.491264836888342385179e0
0.100000000000000000000e1 0.000000000000000000000e0

