1                                                

0.181322975120150040718e0 -0.343499240012650526279e0
-0.761796882845524229695e0 -0.621889660826409202180e0
0.352752988257940769293e0 -0.149023404318765258702e0
0.100000000000000000000e1 0.000000000000000000000e0
-0.247428660577016735822e-2 0.243642627241778278566e0
-0.310927193135418054306e0 -0.541052879483817754000e0
0.209834927517854081337e0 0.358863694836722383572e0
0.100000000000000000000e1 0.000000000000000000000e0
-0.811606935339094880726e-1 -0.234131977614367303944e0
-0.125923996319064429196e0 0.543409806627592582775e0

