
0.259774329572703979133e0 -0.830744809793206391427e0
0.100000000000000000000e1 0.000000000000000000000e0
-0.545258720834381271003e0 0.223391146699815668338e0
-0.284055607035179848104e0 -0.143728688583156806097e0
0.351908093617972245258e0 -0.296647449142532528704e0
0.100000000000000000000e1 0.000000000000000000000e0
0.415869145621186285224e0 0.339877227866587399690e-1
0.148884682798174347351e0 -0.400229199361517684418e0
-0.149887367874129263197e0 -0.274724526073867240788e-2
-0.422307201796240483274e0 -0.249804221131768791790e0
