
0.263964657951435400764e0 -0.426103979453526996834e0
-0.161803007415534098702e0 -0.577493621210971422027e0
0.144945446246064626536e0 -0.498734028150041027209e0
0.100000000000000000000e1 0.000000000000000000000e0
0.322651840192677640093e-1 0.294110770780381829137e0
-0.814962519618554811357e0 -0.462579962838927625661e-1
-0.186815020052545054119e-1 -0.167185932285165345074e0
0.100000000000000000000e1 0.000000000000000000000e0
-0.184100633221129730417e0 -0.121766420366471522022e0
-0.517321002078352575786e0 0.584274441622995737962e0
