1

0
-0.919370181233704122914e0 0.163139239568129884437e0
0.100000000000000000000e1 0.000000000000000000000e0
-0.763661247664103379759e-22 0.222019478913988611328e-22
0.730711111582224340482e-1 0.729413823231372013083e0
-0.875319442751149752559e-22 -0.415484664557108422157e-22
0.100000000000000000000e1 0.000000000000000000000e0
-0.272717673605571044097e0 -0.190924370576917017060e0
-0.433152167090047564453e0 -0.625745550539594059907e0
-0.308162347406713203590e-23 0.265622369946070543887e-22
0.685918992065005677028e-22 0.444710952352772342722e-22

