1                                                

-0.898725978428801974395e0 0.141247914035356661981e0
0.100000000000000000000e1 0.000000000000000000000e0
0.222401561154238218029e-1 0.134385179387428515949e0
0.730711111582224340753e-1 0.729413823231372012920e0
-0.830713533682087995093e-1 0.181345865242945770025e0
0.100000000000000000000e1 0.000000000000000000000e0
-0.266494212962624969765e0 -0.192635039280761522336e0
-0.465197328705543704713e0 -0.638489037456228703470e0
0.838019370088476004641e-1 -0.198858543498522364738e-1
0.221298965485160801027e-1 -0.192361987634498121078e0

