1

0
0.323081292810656517129e0 -0.138143866423686823317e0
-0.505610462538808221489e0 -0.712812235060473129745e0
0.271244919787540485835e-1 -0.382666510799884160261e0
0.100000000000000000000e1 0.000000000000000000000e0
0.366822995551657795297e-1 0.387789431177641613852e0
0.149728189795036873346e-17 -0.473135204262115027825e-18
0.397396197539290884829e0 -0.563999552415140246206e0
0.333750907385914843083e0 0.708705505490916553321e0
0.802805603114566041444e0 -0.491264836888342380761e0
0.100000000000000000000e1 0.000000000000000000000e0

