1                                                

0.329006467190321052872e0 -0.125390056388772289732e0
-0.420794482467958329383e0 -0.745988247340531775999e0
-0.349273940888202146594e-1 -0.436669503756141870742e0
0.100000000000000000000e1 0.000000000000000000000e0
0.403494413446008693443e-1 0.405283295144339338094e0
-0.633485279920042950114e0 0.112826229533965169776e0
0.227063899819636659842e0 -0.453951919551868126110e0
-0.744069049045058982078e-1 0.630733930139448785998e0
0.263857985650896470910e0 -0.812256849183929908694e0
0.100000000000000000000e1 0.000000000000000000000e0

