1                                                

0.237087005065344387207e0 -0.867158199354592497323e0
-0.754627604630709429350e0 0.495289712647943626322e0
0.100000000000000000000e1 0.000000000000000000000e0
0.788997285436806469056e0 -0.148064058310492719690e0
0.743893629343855729015e-1 -0.542396124093293868342e-1
0.100000000000000000000e1 0.000000000000000000000e0
-0.763013123550436168138e0 -0.414958601397549979540e0
-0.280166820173454032529e0 0.588004729058590242091e-1
-0.634120280376704607752e0 0.677024964297999799247e0
0.285189012436029876873e0 0.228621922209833336100e-1

