1                                                

-0.368658566579349862991e0 0.745637708816409217484e0
0.100000000000000000000e1 0.000000000000000000000e0
-0.531935673272782287352e0 -0.178267063576990423735e0
-0.861870373589548481759e0 0.241929700927931786282e0
-0.205340920021439646181e0 -0.484624553464008615602e-1
0.100000000000000000000e1 0.000000000000000000000e0
-0.345604709838753117320e0 -0.403615681582682252996e0
-0.703067996495093104333e0 0.935076380096207582563e-1
-0.454214287338101013991e0 0.273176381044595252562e0
0.660575241773714811255e0 0.441372975009731363248e-1

