1

0
-0.665449184911418081944732452993e-19 0.149029745797720125830618008462e-18
0.306313607105242538066250539420e0 0.900345666523332102416716309987e0
0.100000000000000000000000000000e1 0.000000000000000000000000000000e0
-0.232125589349090595124058258057e0 0.497672244896991047142169509003e0
-0.290779844454479445741878377348e0 -0.189286660588844624375000764014e0
-0.166054870914128995973790812295e-18 -0.143500193919841081997028327692e-19
0.100000000000000000000000000000e1 0.000000000000000000000000000000e0
-0.275402280435634261765692014275e-19 -0.153643734422670289107014942570e-19
0.292710801128752162883788012996e0 -0.924947074987189976725722092877e0
0.170329950521438949028222154362e-19 0.223652748390265164364340510592e-19

