1                                                

0.381343808866426226407e0 -0.208298648828803412291e0
0.983043999028235783119e-2 0.464927106675548464187e-1
0.100000000000000000000e1 0.000000000000000000000e0
0.527249573130984231135e0 0.733346063346689503218e0
-0.257055131294412692245e0 0.433852953780322956023e-1
0.100000000000000000000e1 0.000000000000000000000e0
-0.172106688208589674201e0 0.291127845696546912467e0
-0.113088301339645587555e0 -0.371907741388035677720e-1
0.309171593789086508947e0 0.281599256344146861526e0
0.117085800722830736504e0 0.725720068126433828833e-1

