1

0
0.340734107560675916326e0 -0.135384030394441771657e0
-0.395526306837971843196e0 -0.713782832576465971588e0
-0.256263338155081880519e-1 -0.454767095004004724495e0
0.100000000000000000000e1 0.000000000000000000000e0
0.426066880244179420567e-1 0.405377932975919212481e0
0.223174174486493155043e-1 -0.531218824049303648999e0
0.476913337607072076421e0 0.120933838209108258009e0
-0.347514177724813220328e0 -0.207110664224301067461e0
0.100000000000000000000e1 0.000000000000000000000e0
-0.243061761202854728062e0 0.730039758290677165062e0

