1                                                

0.366361197672610160338e0 -0.181424430739799959520e0
-0.357041435056667573673e0 -0.804620669160139924815e0
-0.103321965572623157835e0 -0.408941477143931604815e0
0.100000000000000000000e1 0.000000000000000000000e0
0.714922326687628434974e-1 0.395116784347270832013e0
0.481659556447062163042e0 -0.107938155442143819316e0
0.643231685184754294353e0 0.424464272750538986070e0
-0.729536170592499807444e-1 -0.168186080956772956511e0
0.100000000000000000000e1 0.000000000000000000000e0
-0.431139029360827757173e0 0.306636951463775920656e0

