1                                                

-0.4635221610504562903744909324843142670177e-19 -0.1054808660138063766310869324465806727310e-17
0.3184278945853347516410300835661515562342e-37 0.9231305200452981436115699571375367907076e-36
-0.4175384185482691319716705658294892541840e0 -0.5532194723498966479844348495609264098339e0
-0.1155612341852184901229099360392629880213e-35 -0.6687532329080629218285281493223449267584e-36
0.1000000000000000000000000000000000000000e1 0.0000000000000000000000000000000000000000e0
-0.9484163411184919763981065745392926834526e-18 -0.3961494488712684423312401636282536957037e-18
-0.1383539284654952777056092946419130501332e-32 0.4744680965523371597297929204333115176028e-33
0.1890351795416396577322244638903708454157e-36 -0.2170432465640346335893109137906776302519e-36
-0.4239820725841768698172785737426530735937e-18 0.5270009370682840456544345895650840606037e-18
0.1000000000000000000000000000000000000000e1 0.0000000000000000000000000000000000000000e0

