1                                                

0.382639671637132338890e0 0.815705607097540897092e0
0.106826391270993777855e-22 -0.546524475947098088648e-23
-0.769689401173722032782e0 -0.856948071114528163342e-1
-0.272084800534386112328e-23 0.712135108336380048228e-23
0.100000000000000000000e1 0.000000000000000000000e0
0.100000000000000000000e1 0.000000000000000000000e0
0.513150658218830855127e-24 -0.809337177098091933552e-23
0.402274536317246744562e-23 -0.558928142018763691889e-23
-0.234841550627432890593e0 0.604757798981641264810e0
0.294290611475446720535e0 0.423271430426627160267e0

