1

0
-0.3900553410849088939312038112862937426889e-19 0.9883536006622309502319741539088633229889e-19
0.2254965465974677447004421748058657287445e-19 0.5131072149108616894479667726431741684353e-19
-0.4175384185482691328075654461251182796082e0 -0.5532194723498966479101526164392065810631e0
-0.3577902121335140491361660739409295695386e-19 0.2019736125159676626861303215331362427083e-19
0.1000000000000000000000000000000000000000e1 0.0000000000000000000000000000000000000000e0
-0.2016238362867609920261958928116921817373e-18 0.1112994053196495382115266518117720031781e-18
-0.3973961975392908805405816191386254905530e0 0.5639995524151402476740964739402692060851e0
0.3337509073859148453567856963385706151023e0 0.7087055054909165486803320223025407755030e0
-0.8028056031145660426807786140397670904509e0 0.4912648368883423829091650596432246984109e0
0.1000000000000000000000000000000000000000e1 0.0000000000000000000000000000000000000000e0

