1                                                

0.119404326889509698566e0 -0.849213618519293580766e-1
-0.132352955790741800863e0 -0.100443990965726441189e-1
-0.491597108756100239607e0 -0.617222309573067222973e0
-0.234465399761180234321e-2 -0.972740309022009434466e-1
0.100000000000000000000e1 0.000000000000000000000e0
-0.456585811728569709742e0 -0.366160249264478555842e0
0.387134813391148383666e0 0.824590596852046119969e0
0.100000000000000000000e1 0.000000000000000000000e0
-0.267815839242408995066e0 0.841952613217485591919e0
0.637780814587778952342e0 -0.645744500279661830017e0

