1

0
0.100000000000000000000e1 0.000000000000000000000e0
0.121022914636835641386e-22 -0.548745407591444743932e-23
0.189568126581611738933e0 0.977332784831374664085e0
-0.460861564572950727994e-23 0.123265395755836563451e-22
0.208432856315563384231e0 -0.150403928497338500154e0
0.475004668242952138535e0 0.491800552800265016829e0
-0.578290999166259615487e-23 -0.516588175629831287334e-23
0.360071754286450767319e-23 -0.150436592378860699019e-23
0.100000000000000000000e1 0.000000000000000000000e0
0.409486043633546725469e0 0.193304010572684545122e0

