1                                                

-0.533962072017705380127e0 -0.437117020348263272690e0
-0.507169412854956039782e0 -0.397632024155209659214e0
0.395786535995467847422e0 -0.674995310671850925804e0
0.100000000000000000000e1 0.000000000000000000000e0
-0.156349956390434477124e0 0.205663381145860491554e0
0.546616937423614851965e0 0.290569976741178852530e0
-0.247571724663521807114e0 0.104890055284979162710e0
-0.293334331986748393547e-1 -0.124823277151942256687e0
0.100000000000000000000e1 0.000000000000000000000e0
0.437170125231372207571e0 0.896300227287047247653e-1

