1                                                

0.389173427058051519102e0 -0.784182354009394197143e0
-0.477876732640062358288e0 0.535109592375444465733e-1
0.394891091337443291204e0 -0.350580004045702756609e0
-0.739506172129055377204e-1 -0.344659789337674349487e0
0.100000000000000000000e1 0.000000000000000000000e0
0.711687070036089591569e-1 0.663442694875423517658e0
-0.390106979511198844737e0 0.196159480434562652585e0
0.176086034756509092188e-2 -0.405020460035516135556e0
0.100000000000000000000e1 0.000000000000000000000e0
0.760685160533223114722e0 0.418081457220794511665e0

