1

0
0.292251059057662725929e0 -0.577728760700440875859e0
-0.328619180988147831127e0 -0.291715733275601054767e0
0.440732768973079342567e0 -0.370912525642879730868e0
0.100000000000000000000e1 0.000000000000000000000e0
0.338998937971682133379e-1 0.207336372448986265210e0
-0.356251219018977326511e0 0.309852979806465189173e0
0.773041143865198675711e-2 -0.401373217506100091916e0
-0.335447203120508852058e0 0.264820523852850549701e0
-0.144789222035319718398e0 -0.949769398344557250126e0
0.100000000000000000000e1 0.000000000000000000000e0

