1                                                

0.118284084817002452605e0 -0.538027190728068348171e0
0.514663108314904993616e-1 -0.246054177010157754972e0
0.440396048532789915916e0 -0.743690740424588029266e0
0.100000000000000000000e1 0.000000000000000000000e0
-0.589680004703151957544e-1 0.245506866697267382992e0
-0.356251219018977326538e0 0.309852979806465189173e0
0.773041143865198676727e-2 -0.401373217506100091916e0
-0.335447203120508852112e0 0.264820523852850549728e0
-0.144789222035319718466e0 -0.949769398344557250235e0
0.100000000000000000000e1 0.000000000000000000000e0

