1                                                

-0.283779580693233660350806551116e-24 -0.801067132772009020112118040600e-25
0.351264725454690414015774277994e-23 -0.540565367430558026631850025556e-24
-0.417538418548269132897668014735e0 -0.553219472349896647943426534336e0
-0.211670783273485195186862470380e-24 0.544134125812681759640766811479e-23
0.100000000000000000000000000000e1 0.000000000000000000000000000000e0
0.223174174486493155143525193982e-1 -0.531218824049303649112283701678e0
0.476913337607072076407674388405e0 0.120933838209108257947062742973e0
-0.347514177724813220348430532329e0 -0.207110664224301067448246856038e0
0.100000000000000000000000000000e1 0.000000000000000000000000000000e0
-0.243061761202854728065135931313e0 0.730039758290677165044188538784e0

