1                                                

0.170122701385646697388e0 -0.340668430347052733365e-1
-0.393646239529282487033e0 -0.626093703893858320871e0
0.439855578509238669940e0 -0.306999193853292274241e0
0.100000000000000000000e1 0.000000000000000000000e0
-0.266463769311210462381e0 0.749038544109916664944e0
0.223174174486493153146e-1 -0.531218824049303649161e0
0.476913337607072076313e0 0.120933838209108257880e0
-0.347514177724813220355e0 -0.207110664224301067380e0
0.100000000000000000000e1 0.000000000000000000000e0
-0.243061761202854728035e0 0.730039758290677165062e0

