1

0.209531233681987145604e0 -0.187911232137684601102e-1
0.565909961702202283064e0 0.517626522086502102618e0
0.100000000000000000000e1 0.000000000000000000000e0
-0.524750247099960940309e-1 0.832583262868531196073e0
-0.343684256831807262108e0 -0.121194085283694530765e0
0.100000000000000000000e1 0.000000000000000000000e0
0.656141895543277117796e0 -0.168287896000622616728e0
-0.731598556587189061579e-1 -0.487670503480053419733e0
0.301548000887742614096e-1 -0.505917173282353121750e0
-0.576336815440725347909e-1 0.748305526434081034491e-2
