1

0
0.341766202922197768674357109505e-20 0.862560110111201397354534651194e-20
0.100000000000000000000000000000e1 0.000000000000000000000000000000e0
0.560336471771679639269530695650e0 -0.787134470048814383722953524711e0
0.336888101694313906525053911804e0 0.618254547737698948567888856133e0
-0.368349361947166376335174989071e0 0.140810046579890706403797593105e0
0.100000000000000000000000000000e1 0.000000000000000000000000000000e0
0.590451601178319984582479654397e0 -0.255577044401780931298809645198e0
-0.107744659135402206930296667293e0 -0.412212670004434427059980372359e0
-0.141182195423581209975715127490e0 -0.578000435427050385967600602857e0
0.386480081480991044253291807552e-1 -0.114286390497614117978450835586e0

