1                                                

0.118284084817002452646e0 -0.538027190728068348171e0
0.514663108314904993006e-1 -0.246054177010157754959e0
0.440396048532789915971e0 -0.743690740424588029212e0
0.100000000000000000000e1 0.000000000000000000000e0
-0.589680004703151957612e-1 0.245506866697267382992e0
0.100000000000000000000e1 0.000000000000000000000e0
0.933204337469392751264e0 0.340527980586084536995e0
0.166706931026056234371e0 -0.856781378708717428422e0
0.873260432089410180826e0 0.491286470126540896429e-2
-0.657044758367659154107e0 0.571800363495992474870e0

