1                                                

0.323081292810656515584e0 -0.138143866423686822423e0
-0.505610462538808220026e0 -0.712812235060473128282e0
0.271244919787540494916e-1 -0.382666510799884159583e0
0.100000000000000000000e1 0.000000000000000000000e0
0.366822995551657791367e-1 0.387789431177641612985e0
0.802088709456574208867e-18 0.272317743690235059645e-19
-0.397396197539290880492e0 0.563999552415140245881e0
0.333750907385914843002e0 0.708705505490916549038e0
-0.802805603114566040251e0 0.491264836888342384448e0
0.100000000000000000000e1 0.000000000000000000000e0

