1                                                

0.285002944224235109784e0 -0.142055772592604948507e0
-0.510658598579715255702e0 -0.757766344116309592440e0
0.245872691272398792665e-1 -0.374454419745788739623e0
0.100000000000000000000e1 0.000000000000000000000e0
0.262957485551393194291e-1 0.380376762398957415001e0
0.100000000000000000000e1 0.000000000000000000000e0
-0.561342779660991078605e-1 0.830503386624037029319e0
-0.418062477974182715608e0 0.844071563267375009527e0
-0.354820373917304283311e0 0.858518485952899309079e0
0.673540682475705109454e0 0.716918480066609484745e0

