1                                                

-0.157410217729996547173686325296e-18 0.424339416433556652411636618959e-19
-0.417538418548269133091242151561e0 -0.553219472349896648429028754293e0
0.125695035322141131716933367487e0 -0.711811257215878505385317332178e-1
0.100000000000000000000000000000e1 0.000000000000000000000000000000e0
-0.272772503651130485322372035536e-1 0.206619146749865821088952059424e0
-0.395659311723110399456911733143e0 0.822277615712276373811941473577e0
0.886909162123908962673892385399e-1 -0.542543085650730223085669015457e-1
-0.872617704349673682942204948476e-1 0.231253014309969385374007614829e0
0.147181044663990919911915539755e0 -0.925738249525106699579552629849e0
0.100000000000000000000000000000e1 0.000000000000000000000000000000e0

