1                                                

0.388126502599795045949e0 0.353668565451074569226e0
-0.355875728070173195819e0 -0.541499555998050670629e0
0.535607887573490718794e0 -0.650700008943554270349e0
0.100000000000000000000e1 0.000000000000000000000e0
-0.236145112330462824920e0 0.488019441039617044562e0
-0.395659311723110399548e0 0.822277615712276373921e0
0.886909162123908962645e-1 -0.542543085650730223241e-1
-0.872617704349673682938e-1 0.231253014309969385389e0
0.147181044663990919885e0 -0.925738249525106699736e0
0.100000000000000000000e1 0.000000000000000000000e0

