1                                                

0.159556059300067118058e0 0.633790916698392788620e-1
0.103294767911880778462e0 -0.117419053082023599186e0
0.484573929535540098954e0 -0.689199906759314488941e0
0.100000000000000000000e1 0.000000000000000000000e0
-0.166361395253198835560e0 0.316594488917365962053e0
0.589767333984214277233e0 0.249570615424386185743e0
0.100000000000000000000e1 0.000000000000000000000e0
0.464328012317883989408e-1 -0.133215314240841174389e-1
0.256152778462253429784e0 -0.924209289444206435657e0
-0.433409409428893673653e-1 -0.100836878165531652852e-2

