1

0
0.100000000000000000000e1 0.000000000000000000000e0
0.297930055501936432631e0 -0.674716446411082047764e0
-0.908080396055233285912e-1 0.912624374908910911955e0
-0.127176763476168014702e-1 0.972702155940883710084e0
0.791915831796804623320e-1 -0.250462863205081593895e-1
0.263658657790023483799e-1 0.936361614943214454600e0
0.184110937656127763239e0 0.271385334580139796456e0
-0.437450432549440350886e0 -0.667841137736052441315e-1
0.563074136726077613174e0 -0.556883827027743640427e0
0.100000000000000000000e1 0.000000000000000000000e0

