1                                                

-0.121102169023867478484e0 -0.844864323120210295348e0
0.655345999242074437772e-1 -0.501868159602294359881e0
0.530293595468480092703e0 -0.543169348677905100184e0
0.100000000000000000000e1 0.000000000000000000000e0
-0.860861926823983466026e-1 0.808597273244489138367e-1
0.725207402734336063147e0 -0.500036054579558296364e0
0.668340648257975154594e0 0.270534553481936057345e0
-0.528563640185048009526e0 -0.131145828807457970647e0
0.100000000000000000000e1 0.000000000000000000000e0
-0.343155634307784023303e0 0.221156025151799173401e0

