1                                                

-0.253629257251176176993113832493e-20 0.431326947998198393057866015664e-20
-0.417538418548269132967450898353e0 -0.553219472349896648330548521527e0
0.125695035322141131511071593025e0 -0.711811257215878506532173465578e-1
0.100000000000000000000000000000e1 0.000000000000000000000000000000e0
-0.272772503651130485845869467865e-1 0.206619146749865821164616872440e0
-0.874984614426877292454154628888e0 0.732862655229323832315521978693e-1
-0.384738434095573497357856305184e0 -0.449484513963905875773506261554e0
-0.395177298723386993180981237025e0 0.536151890515111482061265623305e0
-0.281223474101709525701986052690e0 -0.654806274113268194214246725542e0
0.100000000000000000000000000000e1 0.000000000000000000000000000000e0

