1                                                

0.294976246473751070192e0 0.950756002706202590837e0
0.877870186763129529994e0 -0.248644915482621694169e0
0.100000000000000000000e1 0.000000000000000000000e0
-0.229364746785047412728e-1 0.452709243301425743824e0
-0.619269885610053662066e0 0.305637734514438050802e-1
-0.874984614426877292529e0 0.732862655229323832335e-1
-0.384738434095573497327e0 -0.449484513963905875822e0
-0.395177298723386993216e0 0.536151890515111482116e0
-0.281223474101709525679e0 -0.654806274113268194255e0
0.100000000000000000000e1 0.000000000000000000000e0

