1                                                

0.801933698159177260384e0 -0.469574560209891543714e0
-0.964774253551054399199e0 0.192908725625410880903e0
0.542745709693521208783e-2 -0.605437934274131599557e0
-0.211207417816942867695e0 -0.689623621904302245027e0
0.100000000000000000000e1 0.000000000000000000000e0
0.100000000000000000000e1 0.000000000000000000000e0
-0.286018858409366345759e0 -0.168768839440591468829e0
-0.285365230171353935051e0 -0.692801178748339384524e0
0.142544675939998659477e0 0.124406799818653534244e0
0.393421061806703161595e0 -0.691387529632034907173e-1

