1                                                

0.454919548915695326182e0 -0.793568575479421871408e0
-0.470992165147502793058e0 0.613573468989093583688e0
0.120710330223672933699e0 0.824951805266004333829e-1
-0.481964890702815459500e0 -0.298713700736023573710e0
0.100000000000000000000e1 0.000000000000000000000e0
0.100000000000000000000e1 0.000000000000000000000e0
0.303428045555532537240e-1 -0.331368630874688366501e0
0.481620640599437820431e0 0.575797609870324224042e0
-0.431322367730371996659e0 -0.189945877217192498037e0
-0.332518531265737397201e0 -0.937710184916872293182e0

