1                                                

0.209531233681987145604e0 -0.187911232137684601017e-1
0.565909961702202283064e0 0.517626522086502102618e0
0.100000000000000000000e1 0.000000000000000000000e0
-0.524750247099960940004e-1 0.832583262868531195965e0
-0.343684256831807262135e0 -0.121194085283694530752e0
-0.500570389169851217702e0 0.767771553285689479606e0
0.999955481518049574973e-1 0.480981868660918360041e0
0.100000000000000000000e1 0.000000000000000000000e0
0.324302289503951219365e0 0.150999192287096849227e-1
-0.365320904537035231753e0 0.255811874259006715728e0

