1                                                

0.100000000000000000000e1 0.000000000000000000000e0
0.199145897953018327027e0 0.190649965782718704439e0
0.438181510384020752561e0 0.593479793511815656036e0
-0.124510908394474080233e0 0.159190775648776101586e0
0.350089857027863478193e0 0.626947879382538271692e0
0.190234018595574874960e0 0.783509246161555950277e0
0.149763017604103856959e0 -0.124735111499813552060e0
0.136026419530261733879e-1 0.135252451904280421774e0
0.100000000000000000000e1 0.000000000000000000000e0
0.528695370672354378815e0 0.382670190577760138901e0

