1

0
0.100000000000000000000e1 0.000000000000000000000e0
0.645067030092201650960e0 0.750229680089683485095e0
-0.531632925932619717788e-22 -0.227653878763073331490e-22
-0.500092134595493482279e0 0.525340925008090224059e0
0.887603930968894914947e-22 0.159782155346541712195e-22
0.100000000000000000000e1 0.000000000000000000000e0
0.155309546445612982666e0 0.869026084024049047787e0
-0.598017440041370926165e0 -0.415325691985151066723e0
-0.285913779344168746419e-22 0.198441194586932277053e-22
-0.269174392705750734630e-22 -0.663212365944060647102e-23

