1                                                

0.636417140439452828991e0 -0.768913001530536409269e0
0.100000000000000000000e1 0.000000000000000000000e0
0.172841341449385635362e0 0.163704990327164521158e0
0.730711111582224340482e-1 0.729413823231372012920e0
-0.354011611988532030475e0 -0.209407984199044893024e0
0.100000000000000000000e1 0.000000000000000000000e0
0.168699960771908674323e0 0.865170599801414438358e0
-0.581607817563094245091e0 -0.381505664586554580682e0
0.151631703839273905370e0 0.151324926525720684770e0
-0.300448682489617589851e-2 0.158159540365214751497e0

