4
0
0
52
4.200751337685457e-01 1.741640160098110e-01
-9.257794815120177e-02 7.367463321280743e-01
-1.200083061475476e+00 1.728223173029720e-01
-7.910712798608018e-01 -1.814866239359964e+00
2.482534153247273e-16
1.228435761434849e+01
4.586045079862764e-16
9.765625000000001e-05
4.588707022825547e-13
0.000000000000000e+00
1
1
-1

2 0
1 4
-1149531323318792578173317170534718482313057154898393399926853238498931883046160566988938284329560060181639224859434494971879593118601374213113486788761329175749662808115239650377149239153704114657048077226636857816792852363327587836603929236513871415414498198717530852457810238229201353840442859475473766633329/5000000000000000000000000000000000000000000000000000000000000000000000000000000000000000000000000000000000000000000000000000000000000000000000000000000000000000000000000000000000000000000000000000000000000000000000000000000000000000000000000000000000000000000000000000000000000000000000000000000000000000000000 -4918452322937896899277908441907737762677042069833957334891001976404917945688000366355269741037201005881204511820103757016375765883215358682135062389226585934100973436767857301944591552051687588117848927050140147993425662162677683628671661604964212678793836990877845176481517830459058824432151436649957964183939/10000000000000000000000000000000000000000000000000000000000000000000000000000000000000000000000000000000000000000000000000000000000000000000000000000000000000000000000000000000000000000000000000000000000000000000000000000000000000000000000000000000000000000000000000000000000000000000000000000000000000000000000
-3249799016060270087748827911294500026388699768280775848508444337445986986666743356368269450519020542339501366547118945240978120333947777160862254243766351010030400505856403725771358108645649190657582408633263654517235619098766126912310841373701961075044407125451244959024035461800152922469259768457940842653437/5000000000000000000000000000000000000000000000000000000000000000000000000000000000000000000000000000000000000000000000000000000000000000000000000000000000000000000000000000000000000000000000000000000000000000000000000000000000000000000000000000000000000000000000000000000000000000000000000000000000000000000000 4128773668127124542575505942860863142886208702544682123096035062521080499750770573314575351540129166709748685301252485871617212504119916849072515291926612143895779947563275243528354090955413360889725766480177416701638415142355897496645784726307341499069914387310010750967499505110154972447981911809624841477567/10000000000000000000000000000000000000000000000000000000000000000000000000000000000000000000000000000000000000000000000000000000000000000000000000000000000000000000000000000000000000000000000000000000000000000000000000000000000000000000000000000000000000000000000000000000000000000000000000000000000000000000000
67462376750884795998620297820379726646618315383350102559373131107037266778750745992228746388413289221353856791466782217462702955535770494292175177665784053965494167086257222137815360473163821964743288521140707187561730095970958396664088734654111676790058102003994046745641638158955551897977074331304840901747/250000000000000000000000000000000000000000000000000000000000000000000000000000000000000000000000000000000000000000000000000000000000000000000000000000000000000000000000000000000000000000000000000000000000000000000000000000000000000000000000000000000000000000000000000000000000000000000000000000000000000000000 -8944198889563956808258686569492807677425062571996970997191929666364349228676218031687069479005510651039730427703204170997349612855161443769714932417008434121001429196285637816817689646007676244806037966677548401910208050574882643427786764543891576865507264365854833909587979281885621527915270635950443072085099/10000000000000000000000000000000000000000000000000000000000000000000000000000000000000000000000000000000000000000000000000000000000000000000000000000000000000000000000000000000000000000000000000000000000000000000000000000000000000000000000000000000000000000000000000000000000000000000000000000000000000000000000
-244945784425468142964874744950813328312386221318292138677866976058188387715984317469450245648934436162836915464758047852853221168319798251454738758797378962786503979292603349157731949863650190897435390390655966202880040112074709018393373766652686538523560668310135450689478321547381645797033339782320464563871/2000000000000000000000000000000000000000000000000000000000000000000000000000000000000000000000000000000000000000000000000000000000000000000000000000000000000000000000000000000000000000000000000000000000000000000000000000000000000000000000000000000000000000000000000000000000000000000000000000000000000000000000 3656774788414652512901741557887229980683839148220413534125917221830951395870265122693907859330308759727061691472890712460423420709286220263989756587715055621514756985013785666223231325559073681072619843238907974002862386714113619723533386844433966940495699235285773700659940518429503451957905241083128529509303/5000000000000000000000000000000000000000000000000000000000000000000000000000000000000000000000000000000000000000000000000000000000000000000000000000000000000000000000000000000000000000000000000000000000000000000000000000000000000000000000000000000000000000000000000000000000000000000000000000000000000000000000

-1
4118008933756810361225610472813183329473080401222517247382207964661322921644743759200537784382320911817840782694621133142941936645334140403124850778321757058030854575821242675458600553144690054218047640967564868151624052835753491413665464654159439720136174281055603897794078893986705207797432112099650602306153/100000000000000000000000000000000000000000000000000000000000000000000000000000000000000000000000000000000000000000000000000000000000000000000000000000000000000000000000000000000000000000000000000000000000000000000000000000000000000000000000000000000000000000000000000000000000000000000000000000000000000000000000 9774017958645141088892482609976475039415637265896445333850990914898422721407557049652672239091471777897755238760661056319717536413198553297145341952494988597313924178288732921049315647508772448952620542822015653619192771327330430538673195286094923869951267822285644338932372017282396884051168816190549990948881/10000000000000000000000000000000000000000000000000000000000000000000000000000000000000000000000000000000000000000000000000000000000000000000000000000000000000000000000000000000000000000000000000000000000000000000000000000000000000000000000000000000000000000000000000000000000000000000000000000000000000000000000
0 0

0 0

0 0

