1                                                

-0.437075700742832495731081121986e-20 0.211673227385578899857576856038e-19
0.100000000000000000000000000000e1 0.000000000000000000000000000000e0
-0.224804924059300478951961989309e-1 0.670089947845404837760391911123e0
0.730711111582224339694286115636e-1 0.729413823231372013060338757054e0
-0.797800054693858295844207602790e0 0.490915999209140418497023525284e0
-0.679722129129176368652911681255e-19 0.138415033545571583456120107114e-18
-0.119013550986264298516078449323e-19 -0.399306640223442731730380427941e-19
0.100000000000000000000000000000e1 0.000000000000000000000000000000e0
0.356457248991219085032921433877e-19 0.336879887154208849881994644863e-19
0.418964538402246317516690636867e0 0.839780228903242571779756446252e0

