1                                                

-0.644847929142916042114e-1 -0.674007536578163572770e0
-0.817385029754503970086e0 -0.418048707494757140497e0
0.405520930236728037064e0 -0.773647879023031422269e0
0.245203273662426017937e0 -0.626759223180222127016e0
0.100000000000000000000e1 0.000000000000000000000e0
0.524075271495473126913e0 -0.616287704277845234759e0
0.208196561279322348966e0 0.195434891323989817858e0
0.488665829674978133003e0 -0.726391698451018804706e0
-0.345647108673611224957e0 -0.449493454713913786016e-1
0.100000000000000000000e1 0.000000000000000000000e0

