1

0
0.283640337057299220979e0 -0.166314612870019235219e0
-0.487219985631393601806e0 -0.746512097606453462330e0
0.339343850907756355726e-1 -0.378988569136969923246e0
0.100000000000000000000e1 0.000000000000000000000e0
0.275987574735926671782e-1 0.372337883556684470299e0
-0.874984614426877292475e0 0.732862655229323831725e-1
-0.384738434095573497327e0 -0.449484513963905875795e0
-0.395177298723386993243e0 0.536151890515111482008e0
-0.281223474101709525679e0 -0.654806274113268194255e0
0.100000000000000000000e1 0.000000000000000000000e0

