1                                                

0.392465508031325218600e0 -0.211286659060791733757e0
-0.388334793334056659346e0 -0.859927802323060948731e0
-0.137583315682552314107e0 -0.337656056581445741560e0
0.100000000000000000000e1 0.000000000000000000000e0
0.946904263038319930372e-1 0.382810372208033031200e0
0.617712495246523707207e0 0.532619212456952920674e0
0.768790790585386289875e0 0.606656818253939878263e0
0.356887063063841776089e0 -0.653779758773822279160e0
0.100000000000000000000e1 0.000000000000000000000e0
-0.437179730446582036330e0 0.480565545613415624906e0

