1

0.362096578154785180925e-2 0.463442010600795483696e0
0.100000000000000000000e1 0.000000000000000000000e0
0.169639483985664921519e0 -0.210227479557652792395e0
-0.353912539161956367671e0 0.731721842678101312273e0
-0.334726726168613543925e0 0.575471293123298841573e-2
0.675233140302695511795e0 0.628184338170724221317e0
0.100000000000000000000e1 0.000000000000000000000e0
0.349748255163900785737e-1 0.248513581807995002774e0
0.343004425930220917381e0 -0.728021250965763194437e0
0.617379713457639765138e-1 -0.178630584631355861903e0
