1                                                

-0.319643078721722309382e-1 0.229274471352792366655e0
0.100000000000000000000e1 0.000000000000000000000e0
0.325255268120171323114e0 -0.530510204773892274127e0
-0.127364443255369094255e-1 0.624011926486514432338e0
-0.341898262551248510879e0 0.765210163736089879480e-1
0.100000000000000000000e1 0.000000000000000000000e0
-0.711601168846609199699e0 -0.136459796749597732721e0
0.807113648037612618926e-1 0.802093490979483473793e-1
-0.405221097854282337106e0 0.554173154564315784804e0
-0.311927615758339774871e-1 -0.959469287110334834309e-1

