1

0
0.2840445082096378175941367312331073889694e-19 -0.4014724119036658315683151647904380261250e-19
-0.4175384185482691328896211902155138476893e0 -0.5532194723498966479212380574616983598023e0
0.1256950353221411316009163539714610589273e0 -0.7118112572158785067686624047366726938729e-1
0.1000000000000000000000000000000000000000e1 0.0000000000000000000000000000000000000000e0
-0.2727725036511304852937317841462845670118e-1 0.2066191467498658211237153906718429451000e0
0.6682860032768965173995269475125515177737e-20 -0.1330844019765540503655757239255513765036e-20
0.6729278469365936717487490856228387975704e0 -0.2907475515201422079510972841532416028720e0
-0.4501469357820195536195401303904268354627e0 0.3018188974064899568394009499816752803726e0
0.1000000000000000000000000000000000000000e1 0.0000000000000000000000000000000000000000e0
0.1037455193796908860487280851914508467856e0 0.6840247370117653270420393236653899435314e0

