1                                                

-0.220055492742575238884e-1 -0.363254884673459763666e-1
-0.397108929980069647492e0 -0.571031791475869175061e0
0.138933489248522466420e0 -0.833624126427765511612e-1
0.100000000000000000000e1 0.000000000000000000000e0
-0.333674197854164122221e-1 0.196757224893646417784e0
0.281310155096574232656e0 -0.346125963231492105520e0
0.100000000000000000000e1 0.000000000000000000000e0
-0.854584604281375751487e0 -0.346188285843473442157e-1
0.797014860964935709683e0 0.381843589115717406976e0
-0.351183014129865281447e0 0.613989251629552129923e0

