1                                                

0.391550631489437593808e0 -0.763159658560087213555e-1
-0.417538418548269133640e0 -0.553219472349896648636e0
0.386504233220607907573e-1 -0.517709632630980441778e0
0.100000000000000000000e1 0.000000000000000000000e0
0.362733192619949542965e-1 0.433853193955490488423e0
0.836681812961058604897e-20 -0.106621385124502096668e-19
-0.426560518566106951367e-20 0.876576971561768410819e-20
0.725431334206643137813e-20 -0.527869323000247510083e-20
0.100000000000000000000e1 0.000000000000000000000e0
-0.326963342873318090278e-20 0.273743169772316320783e-19

