1                                                

0.420119428186530891452e0 -0.906399824400510203921e-1
-0.396822111838939968866e0 -0.497623024238560426739e0
0.561619191783504600037e-1 -0.531848517962519992328e0
0.100000000000000000000e1 0.000000000000000000000e0
0.436841012964009157494e-1 0.433682596301821739459e0
0.407794701985940812061e0 -0.407092673341895269698e-1
-0.151036401596273706888e0 0.826283496038430999289e-1
0.402219288787581259241e-1 0.107381711744280632239e0
0.100000000000000000000e1 0.000000000000000000000e0
-0.613810049532560152760e0 -0.108201809567392105417e0

