1                                                

-0.365385379254219506555899531176e-21 0.568990748526415508283178708091e-21
0.100000000000000000000000000000e1 0.000000000000000000000000000000e0
0.314601955690548303548236816970e0 -0.594381287056519808687156455754e0
0.730711111582224342266527220789e-1 0.729413823231372013040639333876e0
-0.296877221593833705165283644493e0 0.842529836340004517679334762842e-1
0.206225305267472341091853938743e-19 0.551639807652982814793906120900e-19
0.100000000000000000000000000000e1 0.000000000000000000000000000000e0
-0.125937723038117812289661187003e-19 0.442427320051995785986272611010e-21
0.292710801128752162483398404164e0 -0.924947074987189976614008200164e0
0.118620471712473760620806577112e-19 0.119319498359232187482185875057e-21

