1                                                

0.100000000000000000000e1 0.000000000000000000000e0
0.471426404476991239080e0 0.699086288497546673925e0
0.243008906455456410477e0 0.468777462143908333833e0
-0.475475551257166090420e0 0.394947947957774761843e0
0.135323759545606612400e0 -0.111518440473907659883e0
0.570980671266396634634e0 -0.804001216937937094199e0
0.100000000000000000000e1 0.000000000000000000000e0
-0.368859446124734869136e0 0.920641827344337276026e0
0.955755397885129075696e0 0.716921409837490007015e-1
0.785595764983081925172e0 0.417238758154216946396e0

