1                                                

0.100000000000000000000e1 0.000000000000000000000e0
0.845236547596972606015e0 -0.173812592649666296425e-1
-0.718755862184111455905e-1 -0.145050423183552054047e0
0.744405044974855687498e-1 0.615257153789773073049e0
-0.658039796004436130790e0 -0.316332088050526457138e0
0.100000000000000000000e1 0.000000000000000000000e0
0.368608979569852073584e0 0.245261801976613897025e0
0.455512522148596108042e0 0.266569041831886050940e0
0.201356033846214203914e0 -0.410449529795708704190e0
-0.463401972821956781415e0 -0.212934927630094239748e0

