1                                                

0.188430886952061997223e0 -0.383396797140731595654e0
0.100000000000000000000e1 0.000000000000000000000e0
-0.268608452415977138006e0 -0.128716980179673747293e0
-0.374680032944098251335e0 0.845910106345367805714e0
0.120720496450351280413e-1 -0.736731001731225526211e-1
-0.164281766108455435833e0 0.837043661942611192316e0
0.100000000000000000000e1 0.000000000000000000000e0
0.350697295552628331150e0 0.853269597399719624604e-1
-0.419564698125429396823e0 -0.471422482344946191569e0
-0.191341729196253492026e0 0.939217016244972753997e-1

