1

0
-0.805758138221258035644402881213e-20 0.209643887109865841183386906701e-18
0.100000000000000000000000000000e1 0.000000000000000000000000000000e0
-0.776242939301113700767610435263e0 0.390952820411955718692370547382e0
0.730711111582224337824850626004e-1 0.729413823231372012779402604180e0
0.178799711210339213552150228410e0 -0.134504005649442749983472634549e0
0.322081824569300249610443126418e-18 0.402715733237269858074023303672e-18
-0.140033425160339974769364950309e-18 0.505705836055753630346441963889e-19
0.100000000000000000000000000000e1 0.000000000000000000000000000000e0
0.216003945904810461349828241613e-18 -0.212899989455441686494359590993e-18
0.418964538402246317782259490654e0 0.839780228903242571714345556405e0

