1                                                

0.462000861888062723401e0 -0.409746978052400174808e0
0.100000000000000000000e1 0.000000000000000000000e0
-0.512286412034047533863e0 0.147149969909954159871e0
0.730711111582224341160e-1 0.729413823231372012866e0
0.223867430630047103561e0 -0.556026131666748009666e-1
0.370796630847567214003e-1 0.767184814718901878102e0
-0.382817941527608982346e-1 0.333786694305242425377e0
0.100000000000000000000e1 0.000000000000000000000e0
-0.686352137738317301166e-1 -0.191520806298992465422e0
0.234169449627854547408e0 0.516008120005735040079e0

