1

-0.535372781432485116192e0 0.473439076526328000147e0
0.100000000000000000000e1 0.000000000000000000000e0
0.262213995162449786891e0 -0.254236501711700982212e0
0.730711111582224340618e-1 0.729413823231372013029e0
-0.428845671164707674535e0 -0.539872471033955991177e-1
0.100000000000000000000e1 0.000000000000000000000e0
-0.408042356025127570158e0 -0.806238508104382554671e0
0.179972339397144130924e0 0.453203211811930742380e0
-0.619178591999343558273e0 0.885978476546665471279e-1
-0.610638141559152095408e-2 -0.315803449981674339443e0
