1

0
0.1211449283923810116684707577659806594804e-22 -0.1755068710804580271377702246980112822357e-22
-0.1381418353801149621502214519345368786483e-22 0.3879113314999391472337357478951792725412e-23
-0.4175384185482691329020764574118851590201e0 -0.5532194723498966479244804831173796701696e0
-0.3838896614706547349857342159555973010954e-23 -0.9792805309044801875470554661675837710618e-23
0.1000000000000000000000000000000000000000e1 0.0000000000000000000000000000000000000000e0
0.6518330868411666085957838229002747788206e-19 -0.1327978393740055937251434753995335724339e-19
-0.3973961975392908806594960852968193273730e0 0.5639995524151402479508145104819491597319e0
-0.3337509073859148456010177193035445367118e0 -0.7087055054909165489229926439812938527962e0
0.8028056031145660427716781341835767119968e0 -0.4912648368883423829547649864289803054745e0
0.1000000000000000000000000000000000000000e1 0.0000000000000000000000000000000000000000e0

