1                                                

0.351248273963446621624e0 -0.855744172674187148864e0
-0.793725889162003073055e0 0.508201230775574666339e0
-0.978763898697259807292e-1 -0.128259386886307769386e0
-0.428687435387016379921e0 -0.541819806786629416394e0
0.100000000000000000000e1 0.000000000000000000000e0
0.100000000000000000000e1 0.000000000000000000000e0
-0.814809902524403571310e-1 -0.652565442934054751084e0
0.438806989073367849304e0 0.649619086807668345601e0
-0.486050694399709474022e0 0.436996202657888322551e-1
-0.273906014269854939888e0 -0.470450173943636447519e0

