6
0
0
52
-2.049395304426753e-01 4.989636116633212e-01
-4.679039274790736e-01 4.842120251101090e-01
-2.274791683146149e-17 4.563271418719927e-16
2.712132166647203e-01 -3.791152705293355e-01
-1.118073512840755e-01 -6.256501630866083e-01
-2.952689091492711e-16 -2.245433521194315e-16
1.322944041683563e-16
3.125402222609626e+01
1.086038886277115e-16
9.765625000000001e-05
2.801390341624602e-12
0.000000000000000e+00
1
1
-1

2 0
2 6
127667583602623599757246276326570816535586523389504403225508542544250911010495073499582120226282124303766725109682432278594616674979576338907050834167319701951945175432045411521269366396912584708977409837858157228331879130983427539033718862039561480102868479372371812944220789388293541595673142601795194537037/1000000000000000000000000000000000000000000000000000000000000000000000000000000000000000000000000000000000000000000000000000000000000000000000000000000000000000000000000000000000000000000000000000000000000000000000000000000000000000000000000000000000000000000000000000000000000000000000000000000000000000000000 -8146964745158345400783933466906248637068605155307620656104963910988714000993816848119150803431288824633087305965012770174627446387608077108545933814416591964714122592059948798740463850719830956975649075989619912893184729173793411862399161466020092087998252081807743735772451843406148143703608904959101955665207/10000000000000000000000000000000000000000000000000000000000000000000000000000000000000000000000000000000000000000000000000000000000000000000000000000000000000000000000000000000000000000000000000000000000000000000000000000000000000000000000000000000000000000000000000000000000000000000000000000000000000000000000
-4429161041163802819457623628589566123475634873908979847014625411714315685143617158407584493700279652123665660960712998727516353840807598381471000751881461248073778664342488684021677588107195868537839331931825473775531990799541553394732988057779253667765861636609947427029952253913691262920140631763721787442909/5000000000000000000000000000000000000000000000000000000000000000000000000000000000000000000000000000000000000000000000000000000000000000000000000000000000000000000000000000000000000000000000000000000000000000000000000000000000000000000000000000000000000000000000000000000000000000000000000000000000000000000000 -2118657316867036565644363406329774199162211427355448487048551205484287158931255210435491283366665914745714313400536578954767152438203679385673172314912217472532835877099960463331477931073530623879284799915932587132540250993649291775747450617941670055584693900077040187833103083672002494516073562158481224194067/5000000000000000000000000000000000000000000000000000000000000000000000000000000000000000000000000000000000000000000000000000000000000000000000000000000000000000000000000000000000000000000000000000000000000000000000000000000000000000000000000000000000000000000000000000000000000000000000000000000000000000000000
2745677143106665252187933373755199880238657595688278875045682519649457668501039977502403563885309718311681262067376641443442659828072905635092479709371832227990317569853826940841407367433846318015280502951694941416459224269390118639239691742081801980566384637435067693934971454917662498034905075698881841126113/10000000000000000000000000000000000000000000000000000000000000000000000000000000000000000000000000000000000000000000000000000000000000000000000000000000000000000000000000000000000000000000000000000000000000000000000000000000000000000000000000000000000000000000000000000000000000000000000000000000000000000000000 -6700112866482275680767261592971549909214377595397246675764547721737204654024561017237039063278859947980240765141487649097330395713684580907825856879892023280609219330536542752014618700682081791522203425378334889527142092094089148949260592688781373523959444794946721690143646525767962063387890920533943000553231/10000000000000000000000000000000000000000000000000000000000000000000000000000000000000000000000000000000000000000000000000000000000000000000000000000000000000000000000000000000000000000000000000000000000000000000000000000000000000000000000000000000000000000000000000000000000000000000000000000000000000000000000
0 0
0 0
0 0
0 0
0 0
0 0
1411678011382955595464737266138687138582384068378101478819974052148749501261205682612354292732319473093203552208300541377358439651644325730986740475204145744635282637928374947309974977597879590048395607629414348660263921672662072574318869014092103385431742668099607563419829648088343379696561971213175529591023/2500000000000000000000000000000000000000000000000000000000000000000000000000000000000000000000000000000000000000000000000000000000000000000000000000000000000000000000000000000000000000000000000000000000000000000000000000000000000000000000000000000000000000000000000000000000000000000000000000000000000000000000 4169531731653281167742003265726837848896448040480784471144135912931042409692208777532272486577405950809511442142325317764082347547294117704507938985356995055603785638023383094038759940014352792264864658824170747231152914669877776920206359236891603438794555782320433167702603197254941946939710655988525413852387/5000000000000000000000000000000000000000000000000000000000000000000000000000000000000000000000000000000000000000000000000000000000000000000000000000000000000000000000000000000000000000000000000000000000000000000000000000000000000000000000000000000000000000000000000000000000000000000000000000000000000000000000
-1281684827626532341514670521778856478168495066038840364719852335643188067985116749498858018198022536710232243341837039551416069018042366088107309939493998614299088200339973124825978789896829537287061872755422982749628738009464690980862889175220639600660049956015687895484525221959347194843219812413550645436087/10000000000000000000000000000000000000000000000000000000000000000000000000000000000000000000000000000000000000000000000000000000000000000000000000000000000000000000000000000000000000000000000000000000000000000000000000000000000000000000000000000000000000000000000000000000000000000000000000000000000000000000000 2063361156363352753510579811175740876383346150156559630493442941269733073206929109277699341022529203434889047643674343567624968851878213018733741993369657119041364071719983158249343916504730694490116143030966523018758738943145477255573856958971464714305365174875198298979847956086216036313988681626531327413693/2500000000000000000000000000000000000000000000000000000000000000000000000000000000000000000000000000000000000000000000000000000000000000000000000000000000000000000000000000000000000000000000000000000000000000000000000000000000000000000000000000000000000000000000000000000000000000000000000000000000000000000000
-8042774790765687247817453989321469428436668638773307729985319910953231801971397050770845961933001272958021004740938648701965255104811412653069197752280775119217659355327873670214748335376022707255723418729978793781153788310420562227579645047533567844937140492038807920203664296173264025685356697751489645098591/10000000000000000000000000000000000000000000000000000000000000000000000000000000000000000000000000000000000000000000000000000000000000000000000000000000000000000000000000000000000000000000000000000000000000000000000000000000000000000000000000000000000000000000000000000000000000000000000000000000000000000000000 -8844628305288418424066030761560529500791058987899696600298169288320124022315141058994054547472935994923685003982777922588613279418530025920252437396974734772754180305204886181737786579912403119716593950646961014358837174125183370978046611459518730778994838154506242215665688948927338765865561820464891695366789/100000000000000000000000000000000000000000000000000000000000000000000000000000000000000000000000000000000000000000000000000000000000000000000000000000000000000000000000000000000000000000000000000000000000000000000000000000000000000000000000000000000000000000000000000000000000000000000000000000000000000000000000

-1
3739475164316492443571763111353628293138531841653717721360558826058471041003575097206158750853460678995320059443989386647932599221379802126947643953296411615588572377567317320641887197558214299013560627640580843144570393013929795514294240441906438923621096671863742092099823885598721727878361581682022130955901/5000000000000000000000000000000000000000000000000000000000000000000000000000000000000000000000000000000000000000000000000000000000000000000000000000000000000000000000000000000000000000000000000000000000000000000000000000000000000000000000000000000000000000000000000000000000000000000000000000000000000000000000 -5354451099669767033223401510262680937914810810606329898589961654637875393481323544840053147473382672791238489163087076393662023455024749873069035113418269114804172004807080508848401818817645847371844866241686657022817335721133132379157111246881329382706120151166508509183055816704889555883885573828245379409/19531250000000000000000000000000000000000000000000000000000000000000000000000000000000000000000000000000000000000000000000000000000000000000000000000000000000000000000000000000000000000000000000000000000000000000000000000000000000000000000000000000000000000000000000000000000000000000000000000000000000000000
0 0

0 0

0 0

