1                                                

0.118284084817002452551e0 -0.538027190728068348117e0
0.514663108314904993311e-1 -0.246054177010157754959e0
0.440396048532789915889e0 -0.743690740424588029212e0
0.100000000000000000000e1 0.000000000000000000000e0
-0.589680004703151957544e-1 0.245506866697267382992e0
-0.630900161519459531771e0 -0.152500554154224943172e0
0.121598060834469670895e0 -0.236602218855795664158e0
0.100000000000000000000e1 0.000000000000000000000e0
-0.202132284388354981365e0 -0.255591185173509439382e0
-0.590840054888473856167e0 0.549054021037039799240e0

