1                                                

-0.164072701924647504715e0 -0.669973139569452675853e0
-0.417538418548269132555e0 -0.553219472349896647172e0
0.631078644329340647436e0 -0.320571691026762278543e0
0.100000000000000000000e1 0.000000000000000000000e0
-0.117990547181612238117e0 0.913426729811639050990e-1
0.160090511814639833671e-19 -0.106731255877515629398e-19
0.454924361458666961429e-20 -0.116227069012983793863e-19
0.415075324110088975908e-20 -0.545713278153599686810e-21
0.100000000000000000000e1 0.000000000000000000000e0
0.757233597865123224235e-20 0.167366139036035553886e-20

