1                                                

-0.220815444619305394734e0 -0.693915003976529704010e0
-0.176447323748371151633e0 -0.747508180557760872531e0
0.456424126482969911558e0 -0.424848639944326353043e0
0.100000000000000000000e1 0.000000000000000000000e0
-0.118275770140612073845e0 0.105128897711735605659e0
0.100000000000000000000e1 0.000000000000000000000e0
0.393687519330784096495e0 0.231468804372452844096e0
0.336121405779240915441e-1 0.398824235685730304221e0
0.479344620203888836899e0 0.623544615164969475568e0
0.609766026499331832114e0 0.210292226316483072142e0

