1

0
0.1606564634339529784350823790268474810293e-19 -0.1378055594651719305410621726941110156320e-19
0.1296338357162106373828872636054152338066e-19 0.5989205682565738766168246409350587076468e-21
-0.4175384185482691328397329989026073434074e0 -0.5532194723498966479894966751297349076164e0
0.5103872309914289295915957182396347246318e-21 0.9499432157964124206824072677479584576947e-20
0.1000000000000000000000000000000000000000e1 0.0000000000000000000000000000000000000000e0
0.2645850393821003716640573760484600986702e-20 -0.2813464193140751917679780370407344200219e-20
0.3973961975392908806084530705611838824148e0 -0.5639995524151402479660765083322572871250e0
0.3337509073859148452344571092077451967096e0 0.7087055054909165485509553854959463336380e0
0.8028056031145660422323291888031721084336e0 -0.4912648368883423826866475940510653318238e0
0.1000000000000000000000000000000000000000e1 0.0000000000000000000000000000000000000000e0

