1                                                

0.118776963027862895823e-1 0.624781383805342013620e0
-0.445157662161799201671e0 0.338444440065748173896e0
-0.643992225189202000587e0 -0.378083134187093672005e0
-0.279394217994517576545e0 -0.299973640997250789406e0
0.100000000000000000000e1 0.000000000000000000000e0
0.100000000000000000000e1 0.000000000000000000000e0
0.289577273088173183570e0 0.940098974275134695614e0
-0.841229707546696934032e0 -0.202703774043723612084e0
0.129696891272317706411e0 0.649500106767364971273e0
-0.197381362937141998910e0 0.508216997046295542351e0

