1                                                

-0.170434406830100257808e-1 0.603947873370290619767e0
0.100000000000000000000e1 0.000000000000000000000e0
0.978886851250250149785e-1 0.595672040315481275078e0
-0.481103064688071014579e0 0.466825633691305587548e0
-0.240390370300061875723e0 -0.275233933218955345991e0
0.845823471681030620152e-2 0.950526640433155835990e0
0.100000000000000000000e1 0.000000000000000000000e0
-0.320107729906801417787e0 0.249804306660075018596e0
-0.216164593993499380174e0 0.616475234949182936052e0
-0.237635332331015528920e0 0.717229876333716351167e-1

