1                                                

0.462000861888062723455e0 -0.409746978052400174727e0
0.100000000000000000000e1 0.000000000000000000000e0
-0.809206524604250011163e-1 0.474232039417986329461e0
0.730711111582224340686e-1 0.729413823231372012920e0
-0.527729938442676872409e0 0.156871799938606341630e0
0.370796630847567214274e-1 0.767184814718901878102e0
-0.382817941527608982617e-1 0.333786694305242425377e0
0.100000000000000000000e1 0.000000000000000000000e0
-0.686352137738317301030e-1 -0.191520806298992465408e0
0.234169449627854547408e0 0.516008120005735039970e0

