1

0
0.110741355827322069067e0 0.492737118929178995229e0
0.100000000000000000000e1 0.000000000000000000000e0
0.277292441555639956457e0 -0.826128636488354308953e-1
-0.372654965255612385824e0 0.898420163802900243442e0
-0.363688987631224389167e0 -0.107802616091786747967e-1
-0.356251219018977326593e0 0.309852979806465189227e0
0.773041143865198676727e-2 -0.401373217506100091916e0
-0.335447203120508852085e0 0.264820523852850549755e0
-0.144789222035319718412e0 -0.949769398344557250343e0
0.100000000000000000000e1 0.000000000000000000000e0

