1                                                

0.511841402626408916095e-1 -0.157086473607258025642e0
0.354585762165776766666e0 0.767326699969087205433e0
0.100000000000000000000e1 0.000000000000000000000e0
-0.108575364272832842962e0 0.517486438880510925709e0
-0.265298353669317759198e0 -0.190858781059940022239e0
-0.356251219018977326538e0 0.309852979806465189173e0
0.773041143865198676727e-2 -0.401373217506100091916e0
-0.335447203120508852112e0 0.264820523852850549728e0
-0.144789222035319718466e0 -0.949769398344557250235e0
0.100000000000000000000e1 0.000000000000000000000e0

