1                                                

0.342306574287235914944e0 -0.626041534903807353604e0
0.100000000000000000000e1 0.000000000000000000000e0
-0.151908417496932494407e0 0.257833514047026297948e0
0.730711111582224340753e-1 0.729413823231372013029e0
-0.717273549669656225339e0 -0.221275312528892106369e0
0.100000000000000000000e1 0.000000000000000000000e0
-0.137338073649558043522e0 -0.917824326996249407150e0
-0.141451181460102383191e-1 -0.399549840663388124780e0
-0.266708987660132908773e0 0.412141411395109625074e0
0.148812675986902628411e0 0.130461887923888440050e0

