1                                                

0.768125566290285474117e0 -0.399301812072746848856e0
0.100000000000000000000e1 0.000000000000000000000e0
0.161813582958081424154e0 0.133030001242560354631e0
0.730711111582224340211e-1 0.729413823231372012920e0
0.305454574545204541420e0 0.729346936548941817292e0
0.100000000000000000000e1 0.000000000000000000000e0
0.169115217885644022311e0 0.499559383553740174564e0
-0.385458051363901296656e0 -0.728188424261201982298e0
-0.427919532573721834149e0 0.130361690491924085136e-1
-0.988404557583107197961e-1 -0.617999359030958088151e0

