1                                                

0.768125566290285474226e0 -0.399301812072746848884e0
0.100000000000000000000e1 0.000000000000000000000e0
0.251979578627339854854e0 0.692592329612415757902e0
0.730711111582224341363e-1 0.729413823231372012974e0
-0.417309137793176242377e0 0.346830354358313634966e0
0.100000000000000000000e1 0.000000000000000000000e0
0.169115217885644022311e0 0.499559383553740174536e0
-0.385458051363901296602e0 -0.728188424261201982298e0
-0.427919532573721834095e0 0.130361690491924084729e-1
-0.988404557583107197012e-1 -0.617999359030958088151e0

