1

0
0.100000000000000000000000000000e1 0.000000000000000000000000000000e0
0.686474514008372117250710016979e0 0.472394409965506142142206339240e0
0.780196537098612868257182473804e-1 0.714925946038474037588308529113e0
-0.501148640767327975037716680921e0 0.768821716075346832383969377310e0
0.131157759554858751892711201370e0 -0.168568405743912198978499059186e0
0.815884280461737117973971154705e-19 0.149637643434854922259104480686e-19
-0.397396197539290880635346158541e0 0.563999552415140247816659510003e0
0.333750907385914845609152168496e0 0.708705505490916548737386454242e0
-0.802805603114566043071316985225e0 0.491264836888342383306749135483e0
0.100000000000000000000000000000e1 0.000000000000000000000000000000e0

