1                                                

-0.369677586852318181579e0 -0.840176318092764020740e0
-0.241499433949745731227e0 -0.702907892126876238266e0
0.664811318390338032566e0 -0.350993609686349847997e0
0.100000000000000000000e1 0.000000000000000000000e0
-0.166192075188155480853e0 0.102321278633373508129e-1
0.392107448051036751411e0 -0.192327529383097203727e0
-0.967448196568872850228e-1 0.251913519887949970550e0
0.232784126925774396106e0 0.270596921881899122952e0
-0.698679675418705734935e0 0.405610802332172137939e0
0.100000000000000000000e1 0.000000000000000000000e0

