1

0
0.100000000000000000000e1 0.000000000000000000000e0
-0.448476596846183228390e-1 -0.945635340261985387776e0
-0.432993437146226476053e0 -0.851580332668865469753e0
0.686482420597193259120e0 -0.101811127976963947116e0
0.151291895504536912516e0 0.661063241493611437047e0
0.100000000000000000000e1 0.000000000000000000000e0
0.128000183978519824131e0 -0.655942377810563969915e0
0.273329061252686572923e0 0.179558306443155154476e-1
-0.484876534487410748792e0 -0.663200980080810505797e0
-0.209221612128213347009e0 -0.235612834552305366854e0

