1                                                

0.100000000000000000000e1 0.000000000000000000000e0
-0.560464898053169557673e0 -0.732957674595789537928e0
0.241612535866053377442e-1 -0.586094342666155271760e0
0.493675666827765762126e0 -0.462368875790604720827e0
0.107409921599869274587e0 0.538667456187680642734e0
0.100000000000000000000e1 0.000000000000000000000e0
-0.220933849206896440893e0 -0.925760037864460384499e0
0.756844803957616110051e0 0.296932193086556317296e0
-0.618445690433532440362e-1 -0.510179788488349140747e0
0.204047288013749940697e0 -0.356543641308168460821e0

