1                                                

0.680733659933794805339e-1 -0.278945291429603317655e0
0.164591740478660225844e0 0.744000285063845470277e0
0.100000000000000000000e1 0.000000000000000000000e0
0.276409056340767633547e-1 0.388954515699844861226e0
-0.206059274283018602797e0 -0.174842654901477737581e0
0.100000000000000000000e1 0.000000000000000000000e0
0.698048281015934253058e0 -0.356958161965901398904e0
-0.214396004943545095782e0 -0.447465263220441306243e0
-0.698063891119389543963e-1 -0.819204252658370714183e0
0.216796570246795828750e0 -0.296557563730024074594e-2

