1                                                

0.511841402626408916434e-1 -0.157086473607258025629e0
0.354585762165776766639e0 0.767326699969087205379e0
0.100000000000000000000e1 0.000000000000000000000e0
-0.108575364272832842948e0 0.517486438880510925709e0
-0.265298353669317759198e0 -0.190858781059940022198e0
0.100000000000000000000e1 0.000000000000000000000e0
0.658020020318773028831e0 -0.294469655849240798909e0
-0.158164284555847758538e0 -0.443306664899821475180e0
-0.751447147317795541280e-1 -0.693048581407198067115e0
0.116473072233544333133e0 -0.354447324074698204313e-1

