1                                                

0.109759521225022662340343922093e-21 0.125308826984693627584324222200e-20
0.100000000000000000000000000000e1 0.000000000000000000000000000000e0
0.874834574279605273030875027489e-1 0.517444789907110169494223027020e0
-0.723292221742582558835079315490e0 0.677952822173008399786918554909e0
-0.161094247751386689210665427000e0 -0.352949076481545359550415603464e0
0.936306125300275766275818978287e-20 -0.234058219139885533917337110960e-19
0.100000000000000000000000000000e1 0.000000000000000000000000000000e0
0.552340779261045940346766969936e-20 -0.577849989565839175006847038097e-20
-0.292710801128752162197467057392e0 0.924947074987189976475946547554e0
0.740748198502746587951157530698e-20 -0.695248909889686408235180587590e-21

