1                                                

0.231294618744863252215e0 -0.429199293165722874175e0
0.100000000000000000000e1 0.000000000000000000000e0
0.199934416106836879934e0 0.492853801881715318950e0
-0.409071147719534414559e0 0.636287184575947057535e0
-0.464445604712153120987e-1 -0.354411406348057889918e0
-0.352940699539663605073e0 0.801485417392412494652e0
0.100000000000000000000e1 0.000000000000000000000e0
0.181175296342023253059e0 0.193850461567937352387e0
0.320950769501063914736e0 0.915801964741922031325e0
0.209768884286077006776e0 0.118546497156548755336e0

