1                                                

0.927353868060765524779e-1 0.782792612955752963922e0
-0.400897637956281831220e-23 -0.240163957875831555994e-23
0.100000000000000000000e1 0.000000000000000000000e0
0.227149921395255910439e-23 -0.109847172218194012086e-22
-0.482329303837100278261e0 0.443947053988952512865e-1
0.968903783332615502105e-1 -0.736420403361768489026e0
0.153110255568521297213e-23 -0.832505766215396345994e-23
0.257839473536254695579e-23 0.641017106377894316016e-23
0.100000000000000000000e1 0.000000000000000000000e0
0.387425894768042008184e0 0.658196061512028421088e0

