1                                                

0.701096965295786799554e-1 0.633731791342168276871e0
-0.112464823635774286027e-336 0.260779455401074537828e-337
0.100000000000000000000e1 0.000000000000000000000e0
-0.604111203916276402628e-337 -0.532705743146719327387e-337
-0.456043765794749440904e0 0.146629739433890314758e-1
0.100000000000000000000e1 0.000000000000000000000e0
0.374413144689142355628e-337 -0.193324569347090630523e-336
0.727800941335424448808e-337 -0.238090001469008741826e-337
-0.227460528377221155233e0 0.590751522531042119561e0
-0.311528058413669833713e0 0.397120004096645086731e0

