1

0
0.100000000000000000000e1 0.000000000000000000000e0
-0.557558689881391172081e0 -0.760256602659628317000e0
0.287961129683340171317e0 -0.646215583269409901495e0
0.513800242177297554892e0 -0.462243810383974674085e0
-0.456255741578806896816e-1 0.988594831099978501936e0
0.100000000000000000000e1 0.000000000000000000000e0
-0.222885865226693336401e0 -0.888856005440687099511e0
0.690733203523230575381e0 0.256401518112795318932e0
-0.154694503163761931121e0 -0.460132121210125102998e0
0.111101591876134421567e0 -0.347931268280908328718e0

