1                                                

0.100000000000000000000e1 0.000000000000000000000e0
-0.557558689881391172081e0 -0.760256602659628316892e0
0.157704792984672550419e-1 -0.549616813379195932909e0
0.513800242177297554675e0 -0.462243810383974673949e0
0.797095050786391107894e-1 0.591178524190268349684e0
0.100000000000000000000e1 0.000000000000000000000e0
-0.222885865226693336415e0 -0.888856005440687099511e0
0.690733203523230575381e0 0.256401518112795318905e0
-0.154694503163761931094e0 -0.460132121210125102998e0
0.111101591876134421574e0 -0.347931268280908328745e0

