1                                                

0.5367795924375079527856944469159627238349e-20 -0.1953568975583858994189106760510042352519e-20
-0.4478632196460215003343757880859689654124e-20 -0.4133912984660118710278214160865801119204e-20
-0.4175384185482691328904866933770115243507e0 -0.5532194723498966478491277789235949794784e0
0.2688073951960306518197300660361384349945e-20 -0.3568845386600750261574004795465859200453e-20
0.1000000000000000000000000000000000000000e1 0.0000000000000000000000000000000000000000e0
0.1224660604412965265487140168037366385372e-20 0.4176033605555644800859980068924041423292e-21
0.3973961975392908806864482015038695893330e0 -0.5639995524151402481369780908605483246540e0
-0.3337509073859148455223652231676794731719e0 -0.7087055054909165486312702450632293079189e0
-0.8028056031145660427676505336083436700477e0 0.4912648368883423825171504989025105262675e0
0.1000000000000000000000000000000000000000e1 0.0000000000000000000000000000000000000000e0

