1                                                

0.324590211024727511610e-1 0.475861087186883863838e0
0.181822238006656481014e0 -0.436544971143839584063e0
-0.743268441267742774434e0 -0.503837611189585342375e0
0.331707889378878174186e0 0.100724827660905273338e0
0.100000000000000000000e1 0.000000000000000000000e0
-0.781137481104812464320e0 0.539051037665255176120e0
0.100000000000000000000e1 0.000000000000000000000e0
0.347672394432258051672e0 -0.815498737779493476402e0
-0.386247068519541016313e0 -0.830883968748093120697e0
-0.104111617797085319456e-3 0.760126318507315695567e0

