1                                                

0.100000000000000000000e1 0.000000000000000000000e0
0.539266155390756075515e0 0.572788713583489003211e0
0.318062460622944333922e0 0.493589083022552793022e0
-0.262709762175604927725e0 0.764616823295387663365e0
0.698502019259151519370e-1 -0.792917953638990537381e-1
0.601644953111031521940e0 -0.130731653435327935367e0
0.100000000000000000000e1 0.000000000000000000000e0
-0.647663070415266083079e0 -0.211465294895856489207e0
0.798497160204135207260e0 -0.342372740389412981519e-1
-0.153028682633478659253e0 0.486033865529247091581e0

