1

0
-0.234950561531753543744801147545e-19 0.557517967808798617173481578819e-19
0.306313607105242537952344055108e0 0.900345666523332102830608302208e0
0.100000000000000000000000000000e1 0.000000000000000000000000000000e0
-0.232125589349090594695517441272e0 0.497672244896991047020800815153e0
-0.290779844454479445983202992254e0 -0.189286660588844624265620357629e0
0.100000000000000000000000000000e1 0.000000000000000000000000000000e0
0.818800185178279862746318312367e0 -0.151944116065256635185516963214e0
0.874991641039650255652008328873e-1 -0.185245023425717170610614811236e0
0.991313924518316946512940981945e-1 -0.801822520219880834661269667789e0
-0.145729892150582827208602954428e0 -0.135155315113842714159542527364e0

