1                                                

-0.160903947863377723827e0 0.871133922705846547004e0
0.100000000000000000000e1 0.000000000000000000000e0
-0.511958334706228105010e0 -0.207509083273293213096e0
-0.785334571434659383412e0 0.380778382581355152696e0
-0.213106378119710835584e0 0.414316060583098378682e-1
-0.535021608192624934311e0 0.653737074045171159982e0
0.286163645132651109132e0 0.303682161441035175118e0
0.100000000000000000000e1 0.000000000000000000000e0
0.383418777828808464441e0 -0.333978468805880160663e0
-0.294162149865893367387e0 0.438417584126317999506e0

