1                                                

0.100000000000000000000e1 0.000000000000000000000e0
-0.398019255449168408111e0 -0.180840918169728145432e0
-0.385060422191197215304e0 -0.527539307140210441197e0
0.102824156260813981696e0 -0.303534993670417239475e0
-0.112401112169408311426e0 0.741674233974988540786e-1
0.100000000000000000000e1 0.000000000000000000000e0
-0.204914209175034594911e0 -0.142633349560243393911e0
-0.217466682413908226418e-1 -0.212847962856168826487e0
-0.219652853952032519724e0 -0.504106476017821696068e0
-0.390672712124866966613e0 -0.204513660266591823110e0

