
0.305355608394436334662e0 -0.671319608985854899142e0
0.904925373173186603688e-1 0.161415310266466795728e0
0.100000000000000000000e1 0.000000000000000000000e0
0.577055208468752330714e0 0.485165435809094045699e0
-0.135082769905285845295e0 -0.844680120704216410641e-1
0.211153684948923871814e0 0.475426936228524613174e0
0.409684682106553803071e0 0.606146015513687312442e0
-0.910308429100682692090e-1 -0.105507760201073447051e0
0.100000000000000000000e1 0.000000000000000000000e0
0.151728974854464728000e-1 0.177591423984340759527e0
