
0.209531233681987145604e0 -0.187911232137684601170e-1
0.565909961702202283064e0 0.517626522086502102564e0
0.100000000000000000000e1 0.000000000000000000000e0
-0.524750247099960940309e-1 0.832583262868531196019e0
-0.343684256831807262135e0 -0.121194085283694530745e0
0.100000000000000000000e1 0.000000000000000000000e0
0.153101993799421300164e0 0.231040291031222420125e0
-0.523507217115512655712e-1 -0.603077407612022848798e-1
0.293846612121875632964e0 -0.377694210144124827927e-1
0.178382837418006998728e-1 0.778641103209467410625e-1
