1                                                

-0.242956471030473075527e-1 -0.399477707414049645180e0
0.100000000000000000000e1 0.000000000000000000000e0
-0.183729337582178728716e0 0.579555740662887357425e0
-0.714080753974154519678e0 0.312888126308124486379e0
0.513796125543842429272e-1 -0.446364586895291594803e0
0.100000000000000000000e1 0.000000000000000000000e0
0.348138627102224429422e0 0.735269227240393149900e-1
0.199795018236078334811e0 -0.369260639370195363533e0
-0.215609448260432758163e0 0.113390389719584977230e0
-0.501079426939128058335e0 -0.328635474362488423032e0

