1                                                

0.387923690575285961548e0 0.224476946044722964249e0
0.100000000000000000000e1 0.000000000000000000000e0
0.797298897832752961814e-1 -0.168998392698931267197e0
0.730711111582224340889e-1 0.729413823231372013029e0
-0.686873627958023428002e0 -0.580954430832639415064e0
0.231197716783189516603e-1 0.613032931281203204447e0
0.238339167975088562582e0 0.920317894484966861866e0
0.315535322375716207589e-1 0.989167936598753703859e-1
0.100000000000000000000e1 0.000000000000000000000e0
-0.236012248635540645361e-2 -0.102173066182988090021e0

