4
0
0
52
-1.673192341550023e-01 5.498649948044179e-01
-2.300543169072501e-01 -6.091717363326339e-01
-2.300543169072501e-01 -6.091717363326339e-01
-3.570343088464395e-01 8.224884771750458e-01
2.001483021243360e-16
3.750667099238109e+00
8.055226443263346e-17
9.765625000000001e-05
4.176637770298237e-14
0.000000000000000e+00
1
1
-1

2 0
1 4
597856324899124742204618875229218213016751254445257610035125487571869348309608557818885321209286702037566201862183797391598874401186351198553844707897490320636536638537191298420383786374290936216992138587260245668103190780921484919541942568258235667042307336880858677684280311942180511679801573120443327930269/625000000000000000000000000000000000000000000000000000000000000000000000000000000000000000000000000000000000000000000000000000000000000000000000000000000000000000000000000000000000000000000000000000000000000000000000000000000000000000000000000000000000000000000000000000000000000000000000000000000000000000000 -211631242574609873573814512960215791889343999909489360203962032085231789024317039435562573083613608023856465652777284532118949388119471881406733118433591357881115791913583549403295676794975154432014453366396372584952497900903260517325201231624044928786151845665687422862818734464977587009704971332376691725989/625000000000000000000000000000000000000000000000000000000000000000000000000000000000000000000000000000000000000000000000000000000000000000000000000000000000000000000000000000000000000000000000000000000000000000000000000000000000000000000000000000000000000000000000000000000000000000000000000000000000000000000
1063997888721201606737385274154309686141952236698895787965265224760592769712200555527811137363975743415682177557302352043897903658154975746269372199248779271710228331898662722689006677046312266847474962633392098494748757009084793032651980620385165080728716759060871750447404007227679663119390342387024743388083/2000000000000000000000000000000000000000000000000000000000000000000000000000000000000000000000000000000000000000000000000000000000000000000000000000000000000000000000000000000000000000000000000000000000000000000000000000000000000000000000000000000000000000000000000000000000000000000000000000000000000000000000 1007203162801899318563106095557345305578855189947783492051325767220258031815043226994574559159859997656577455618674732628726988202134744611302503547897688935679154180905956221841119306033548354176614913839128219205299081476065874225948181413640466179731038589099466213822545635045855473521541200114922223968487/2000000000000000000000000000000000000000000000000000000000000000000000000000000000000000000000000000000000000000000000000000000000000000000000000000000000000000000000000000000000000000000000000000000000000000000000000000000000000000000000000000000000000000000000000000000000000000000000000000000000000000000000
-52493118472996623861389182436033164400184364444283508291989807597816082626633315250143026361135550426362396229573573073279732757312587768399506355356957313511354254044702803450295756302479218189528993462019835363710428819303249085384354171884975287175539640735630328602434582748641818506004403880868734111767/62500000000000000000000000000000000000000000000000000000000000000000000000000000000000000000000000000000000000000000000000000000000000000000000000000000000000000000000000000000000000000000000000000000000000000000000000000000000000000000000000000000000000000000000000000000000000000000000000000000000000000000 351393800351309584298442679931308461597937180478749862402963366150908315951310975451048423628533377367975863651589947231203236756154455770699811542058839338845966982617930545708718269132359777110122069845219613847137456445446911914808655426225996140116335693291664654944155733447952091959198725751921594295653/2000000000000000000000000000000000000000000000000000000000000000000000000000000000000000000000000000000000000000000000000000000000000000000000000000000000000000000000000000000000000000000000000000000000000000000000000000000000000000000000000000000000000000000000000000000000000000000000000000000000000000000000
-8453319987261672284438542862877598908030579330218872615810166931324876855683491872372462470296895451998923187446424983408841139612095260655598733061534379646792514327142550937623878731460656997024550504379482609660354300812145268207237923503853017891624091143504446856213293598913803077787659296932578888154489/10000000000000000000000000000000000000000000000000000000000000000000000000000000000000000000000000000000000000000000000000000000000000000000000000000000000000000000000000000000000000000000000000000000000000000000000000000000000000000000000000000000000000000000000000000000000000000000000000000000000000000000000 -455712637506132667459047871216752486672834468081733165214487325718505147993371759160732121486118735994198354061286108323933464046645021533886983616458494504413287471962643842242765167098302923305769687391036406771375865679777597071728332406036761142830754490579512909435816133625184552602207927757408030353461/2000000000000000000000000000000000000000000000000000000000000000000000000000000000000000000000000000000000000000000000000000000000000000000000000000000000000000000000000000000000000000000000000000000000000000000000000000000000000000000000000000000000000000000000000000000000000000000000000000000000000000000000

-1
-814182933571590511683072223222512761593269613125548245731770890714278901374098590632023596569459788363637788507560864324212176457479599085123281945675272010634080118775414552941015239164196068899679693730432506952548582000340235853778595725560474035398319070820085956681764217594262034303098872108849711717437/1250000000000000000000000000000000000000000000000000000000000000000000000000000000000000000000000000000000000000000000000000000000000000000000000000000000000000000000000000000000000000000000000000000000000000000000000000000000000000000000000000000000000000000000000000000000000000000000000000000000000000000000 -789246501152661864982402877130678512651972450631294114103525219735019284460485934490403079445200450871731924747612906115879554503167423282764876088950449570783008088979268732363294996644468605083640879116641847646583845814939709324558469107465538892459742904559738726146309942599285572067667893189448758907627/5000000000000000000000000000000000000000000000000000000000000000000000000000000000000000000000000000000000000000000000000000000000000000000000000000000000000000000000000000000000000000000000000000000000000000000000000000000000000000000000000000000000000000000000000000000000000000000000000000000000000000000000
0 0

0 0

0 0

