1                                                

-0.990282084777871982813598102345e-19 0.132948930030027158393760254816e-18
0.100000000000000000000000000000e1 0.000000000000000000000000000000e0
-0.498539595429319788885749121388e0 0.481491500877329610410507393581e0
0.730711111582224340057574286301e-1 0.729413823231372012911817244935e0
0.586753833630454658299238070579e0 -0.197956532982469743290302052123e0
0.363036683136025969126348713120e-18 0.631443628579087314452216713179e-18
0.100000000000000000000000000000e1 0.000000000000000000000000000000e0
-0.259794147903825335238159419276e-18 0.102656840161593778381857081482e-18
-0.292710801128752163188406051571e0 0.924947074987189977661523986903e0
-0.160259312350128618877602988726e-18 0.727149469191345813847657786687e-21

