1                                                

-0.627903622751910619017e0 0.228709656988301812946e0
0.100000000000000000000e1 0.000000000000000000000e0
-0.324257485241791498581e0 0.600973744600662688575e0
0.730711111582224340753e-1 0.729413823231372012920e0
0.341078142586783255837e0 -0.382642255902194906327e0
-0.774923611816093063057e0 0.528076175723910765515e0
0.100000000000000000000e1 0.000000000000000000000e0
-0.154741488460653950593e-1 -0.390401920157658878778e0
-0.519067409051330520733e-1 0.827756100719592216521e0
0.167587260933394842881e-1 -0.302772743931984879620e0

