1                                                

0.100000000000000000000e1 0.000000000000000000000e0
0.527964428224527584400e0 0.722538595099325587972e0
0.182835957113859133628e0 0.319025725347107798845e0
-0.488450691661241546049e0 0.437901250120026651509e0
0.134646402331601250249e0 -0.619479737962867080780e-1
0.100000000000000000000e1 0.000000000000000000000e0
0.289577273088173183625e0 0.940098974275134695614e0
-0.841229707546696934249e0 -0.202703774043723611894e0
0.129696891272317706438e0 0.649500106767364971327e0
-0.197381362937141998910e0 0.508216997046295542513e0

