1                                                

0.100000000000000000000e1 0.000000000000000000000e0
0.260902781676764940048e0 0.326647980777003948076e0
0.442239402235951877972e-1 0.690841050441307654459e0
-0.219197096347969830904e0 0.214174626387514427354e0
0.221811010977993034954e0 -0.100914549900931999600e0
0.356607047064443209369e0 -0.188926060834783591554e0
-0.159250229514587265725e0 0.322531445409484025544e0
0.231057648082022526939e0 0.359323326495547396893e0
-0.756080327942465023675e0 0.487809773165631940307e0
0.100000000000000000000e1 0.000000000000000000000e0

