1                                                

0.100000000000000000000e1 0.000000000000000000000e0
-0.373152896511201084258e-23 0.333430400691538592400e-23
-0.207979264047797135655e0 -0.804216918206397344269e0
-0.270475440129966118231e-23 -0.247818751021633619214e-23
-0.112303840452912154224e0 -0.520173911836297332050e0
0.100000000000000000000e1 0.000000000000000000000e0
0.681209367154184714189e-24 -0.209976571327578319415e-23
0.546530431706825601720e-23 -0.596705656073671227648e-24
0.237615423643173974454e0 0.582215633609420008042e0
0.660251140568350906521e-2 0.843191073164874245200e0

