1                                                

0.487266707014569064901e0 -0.680224385512416175647e0
-0.508662159591359851446e0 -0.315418044314434493181e0
0.100000000000000000000e1 0.000000000000000000000e0
0.192901772414072250226e0 -0.394073157538069267263e0
0.304509142640882404042e0 0.716283166699294364930e0
0.100000000000000000000e1 0.000000000000000000000e0
0.103632212169343628835e0 0.279791286384716337394e0
-0.439000846875890642394e0 0.321478661915057732906e0
-0.130091965504653921110e0 -0.553783503696753700066e0
-0.444666967173670604101e0 -0.862961167202129869939e0

