1

-0.447916131992251637323e0 0.876001695599611621243e0
0.100000000000000000000e1 0.000000000000000000000e0
-0.676501299879891986641e0 -0.290866054984771571490e0
0.730711111582224341024e-1 0.729413823231372012920e0
-0.180227725391221703185e0 0.144028542209781378657e0
0.100000000000000000000e1 0.000000000000000000000e0
0.145487219270826174524e0 0.538616124065716112175e0
-0.244082493439992887551e0 0.450324852588809837505e0
0.146109351727745172061e0 -0.640044830602998166512e0
-0.296523934794447787094e0 -0.479791262287912533452e0
