1                                                

-0.688051637237453345185e-1 -0.586222851738158370948e0
-0.761556081597369036943e0 -0.303886659327428966374e0
0.418589751053352031817e0 -0.657959346997393923625e0
0.166011380917407772094e0 -0.577694868946255093859e0
0.100000000000000000000e1 0.000000000000000000000e0
-0.400617755867174394198e0 0.600104931913426955516e0
-0.127009783413447775513e0 -0.965819790176410263743e-1
0.280021375288811246395e0 -0.739355934313227231599e0
0.208652263653379356864e0 0.545721189464705970690e-1
0.100000000000000000000e1 0.000000000000000000000e0

