10
0
0
64
-0.382269138414936271344e0 -0.230411521776290676567e0
-0.217204367454916432169e0 0.756155799004245681274e0
0.299899588695482491175e-1 0.323831122559904439683e0
-0.567421856788609314738e0 -0.103178723645868649923e0
0.975273513921709613272e-1 -0.306830067822265562503e0
0.480075853051979967325e0 -0.201790716143062928752e0
0.215026474469467366343e0 0.612786589002238755812e0
0.135274334650405130806e0 0.906840678066972947436e-1
0.359854618263265046632e0 0.110122848065197158259e0
-0.272350000637921019459e-1 -0.840085383827822548732e-1
6.91046004272910e-20
7.391158461761867e+01
3.07331468675001e-19
6.10351562500000e-6
4.24261207830345e-19
1.000000000000000e-01
1
1
-1

2 0
2 10
885761115180007132564103282017123867472815561201243020391583569194324583642492360880076385360046841262187195258689952767081304384590628253103361981580354921483836153966684588247823866281608491124292830153821022261345485253443145105596238116807858548401126210952423644209293358275851710814441037990744740237557/2500000000000000000000000000000000000000000000000000000000000000000000000000000000000000000000000000000000000000000000000000000000000000000000000000000000000000000000000000000000000000000000000000000000000000000000000000000000000000000000000000000000000000000000000000000000000000000000000000000000000000000000 -206576984493612510814022442339717473693447348004329911438561219191912169147620860259639024572025175039240612777480326451533068552664970368652940574426256692015197185931029518126625841562045962288639118515159814694988504345904344444587918347257807322502284225424424668501302973235666457817545888878257547302037/250000000000000000000000000000000000000000000000000000000000000000000000000000000000000000000000000000000000000000000000000000000000000000000000000000000000000000000000000000000000000000000000000000000000000000000000000000000000000000000000000000000000000000000000000000000000000000000000000000000000000000000
-6915247160555345601802521636421611985131799405243226313571693658358465481702029598517855963006622235624670602126852550413446409913267868477500022874336367530533418767416713131729254366870598931440286276595913417983137061944848087599696628235842241008554156301671143139114557524824021473386287760348569837770651/10000000000000000000000000000000000000000000000000000000000000000000000000000000000000000000000000000000000000000000000000000000000000000000000000000000000000000000000000000000000000000000000000000000000000000000000000000000000000000000000000000000000000000000000000000000000000000000000000000000000000000000000 -7577781722706583610177431212520555176713349092837896841191032587039866016665216461485851015340946681064463218301366568452426072094337920782712915226252344533143814190865023586233985981709735232067983660052500117600380679914449584437561208551936688269415832196040410465418340608347356621403838191661271306002579/10000000000000000000000000000000000000000000000000000000000000000000000000000000000000000000000000000000000000000000000000000000000000000000000000000000000000000000000000000000000000000000000000000000000000000000000000000000000000000000000000000000000000000000000000000000000000000000000000000000000000000000000
-5838980204970776066496790718351471085025509457413370648817134318801626872737402667894543514223947963901648754191744573873411119218893906814635456449646067501920768868553277543813419816997330081713587297110806571677778714846971349065806612647542357189878000805514993980974782303459016459201015801093744441123147/10000000000000000000000000000000000000000000000000000000000000000000000000000000000000000000000000000000000000000000000000000000000000000000000000000000000000000000000000000000000000000000000000000000000000000000000000000000000000000000000000000000000000000000000000000000000000000000000000000000000000000000000 -2347048890442874285525619230793480667534683666198873815739064592182713774370598897501281893850258998139603582303521668478773742614098316652334736213558108427150037008930597241747908864606020327042396436265188197386640151832916472565366886962896040467439349624799645408929608956388533848014353006632841977672241/10000000000000000000000000000000000000000000000000000000000000000000000000000000000000000000000000000000000000000000000000000000000000000000000000000000000000000000000000000000000000000000000000000000000000000000000000000000000000000000000000000000000000000000000000000000000000000000000000000000000000000000000
-8180990853836915289961014269243486342678223351754875546536180008711355540899774101328809979143780656034688900869049583550733920351923129988818248110293810871610976321795263945216724463030467065872666174430481553237244631410418258566587749654487345374465450487021809733237140198896980430247533615024124948514991/10000000000000000000000000000000000000000000000000000000000000000000000000000000000000000000000000000000000000000000000000000000000000000000000000000000000000000000000000000000000000000000000000000000000000000000000000000000000000000000000000000000000000000000000000000000000000000000000000000000000000000000000 -526984342996441714758050898784219843181882759649747752320547046707788519874033889646422275150500112982039494301604921183024053150620299090596084076226997766418601581178611279724416049085204588008137426608998966089518574531148099433047948891321962593242150305750331746557828548629988640832452602200873583086471/625000000000000000000000000000000000000000000000000000000000000000000000000000000000000000000000000000000000000000000000000000000000000000000000000000000000000000000000000000000000000000000000000000000000000000000000000000000000000000000000000000000000000000000000000000000000000000000000000000000000000000000
8753232812321162387908839006242215687346062234734495733194496424789298389408229422796279663837103008295085221736555154874614969851438778030096436117696187845659450746127858146741017582461338792319867778220293599058866595045164140448601313550694161266954901179155159452476905774035401747053116316760993217333633/10000000000000000000000000000000000000000000000000000000000000000000000000000000000000000000000000000000000000000000000000000000000000000000000000000000000000000000000000000000000000000000000000000000000000000000000000000000000000000000000000000000000000000000000000000000000000000000000000000000000000000000000 1329054208545453394157704125334681289305628692042403537716036657984827284100687979659586003636950473990839254673108750718491662902720808853914003887050400153400468357551527824785544792317458795024408078800522989324810585328194145927473472988749061507658926882445421660472640482266653756673607017818042165107167/5000000000000000000000000000000000000000000000000000000000000000000000000000000000000000000000000000000000000000000000000000000000000000000000000000000000000000000000000000000000000000000000000000000000000000000000000000000000000000000000000000000000000000000000000000000000000000000000000000000000000000000000
0 0
0 0
0 0
0 0
0 0
0 0
0 0
0 0
0 0
0 0
4989609657146754718263805353482589997785791221355231362031971622400558666752284995305462188159369891965552472240414361865585730497298619213049358068422981517218889063029675288220063801055490772657357338081221845408362395521088953873230189090532130138918831585819882267527896134209679818805386849747384125558857/10000000000000000000000000000000000000000000000000000000000000000000000000000000000000000000000000000000000000000000000000000000000000000000000000000000000000000000000000000000000000000000000000000000000000000000000000000000000000000000000000000000000000000000000000000000000000000000000000000000000000000000000 2105964161210272552482567510149400752058116192197417118108492931093053270036837215519310623467121368925011349421634332884947353140940348628255256196346036501080527428863459264707150256276782407386434260756721933971873684627254729070397038670921756402878239739069529800661714450753467841446223304386455964155547/2500000000000000000000000000000000000000000000000000000000000000000000000000000000000000000000000000000000000000000000000000000000000000000000000000000000000000000000000000000000000000000000000000000000000000000000000000000000000000000000000000000000000000000000000000000000000000000000000000000000000000000000
6438903689032677899164637287286398834538027547675537380991573623942493645648141810227165687962166081480356150590888981489944266639910665255991788959351048093574168936740515611550849113121928801045154879334701255077338646196504514463216684127151084502347120084143829431224188891709347169152232492011239280749439/10000000000000000000000000000000000000000000000000000000000000000000000000000000000000000000000000000000000000000000000000000000000000000000000000000000000000000000000000000000000000000000000000000000000000000000000000000000000000000000000000000000000000000000000000000000000000000000000000000000000000000000000 -8914808517855994309152005225524754580069399324576456513462339619110639634282703974842723792637507570725837897869327266066505110774228864948284524057631503039456677797426410127360114413204997305022281072368949691247457558127189772480059812570474889501802643386327370575987270947692671415539160413608262372800843/10000000000000000000000000000000000000000000000000000000000000000000000000000000000000000000000000000000000000000000000000000000000000000000000000000000000000000000000000000000000000000000000000000000000000000000000000000000000000000000000000000000000000000000000000000000000000000000000000000000000000000000000
-7351696163290774662612570738696164816212549768946179754479295541918753596247285846005055539798931813405753620462822735237976204408426933911014347769170546607861356402194288537609882891170623397625245977966584810109159949534477954690573729798351940068143988378030814342708315105379427600302459629839667233922323/10000000000000000000000000000000000000000000000000000000000000000000000000000000000000000000000000000000000000000000000000000000000000000000000000000000000000000000000000000000000000000000000000000000000000000000000000000000000000000000000000000000000000000000000000000000000000000000000000000000000000000000000 -1289190774824040316978476611830484383832686325079674558086216745767114794738715657517945665047872996899785191721806183072415289135376077690286508222320241850152310156078410630697773896739280868902519335348243374620465606483488062279222007279536678012254136890229786033290593324053597155682134681843147610780977/2000000000000000000000000000000000000000000000000000000000000000000000000000000000000000000000000000000000000000000000000000000000000000000000000000000000000000000000000000000000000000000000000000000000000000000000000000000000000000000000000000000000000000000000000000000000000000000000000000000000000000000000
-2810655300956054939837810386682040892394029505111662299317925864368582115312083143887444443534361842841051917427234976616695866261040211229396337789414807161151269118996940639338443019847805206142463441004661846732862663910159243916974772257657805091444735941509747145227437840354366045313072117346404346624227/10000000000000000000000000000000000000000000000000000000000000000000000000000000000000000000000000000000000000000000000000000000000000000000000000000000000000000000000000000000000000000000000000000000000000000000000000000000000000000000000000000000000000000000000000000000000000000000000000000000000000000000000 -8126097661132574147345860517526506731802214429732091667082779560580306756743796116928750689039022822311349315563434542067655585776233903554408518030478334647741061311321254899600052434082075097592405363425983626241789746655483831817655515504181267732088277059495167708317048783249559298356680870200125905367737/10000000000000000000000000000000000000000000000000000000000000000000000000000000000000000000000000000000000000000000000000000000000000000000000000000000000000000000000000000000000000000000000000000000000000000000000000000000000000000000000000000000000000000000000000000000000000000000000000000000000000000000000
230786422113882986611115274644978426166859151886634901112273104269806493733286392275611081225936584543101113011688619970711330208527611926290594993555562127890829125392081000178835528556542679994779266499552889028140774556276690227227327381381559827314403697527420503473253621678019641265157128427470002732263/500000000000000000000000000000000000000000000000000000000000000000000000000000000000000000000000000000000000000000000000000000000000000000000000000000000000000000000000000000000000000000000000000000000000000000000000000000000000000000000000000000000000000000000000000000000000000000000000000000000000000000000 -3457254710065697827858741969876536918203305541003449687289217788592533117673504909947268587155435833786443985343944089093857876331459988901529531936619861313935777170551690099060533550351745900621872226318866157027404722413842540151904616456088339174978242376885451249684187500463839090800881973885088339160879/10000000000000000000000000000000000000000000000000000000000000000000000000000000000000000000000000000000000000000000000000000000000000000000000000000000000000000000000000000000000000000000000000000000000000000000000000000000000000000000000000000000000000000000000000000000000000000000000000000000000000000000000

-1
-9521170982266585349893075773547637314817545329090231484401591736045215747420940459588254880764614847806181398086754387221339226913113408502464079999413181834006627551344120410261359798608587798802518170567239889609733204349438286692959714655604661433983273948977194920409176906344084124790466139871629841559117/10000000000000000000000000000000000000000000000000000000000000000000000000000000000000000000000000000000000000000000000000000000000000000000000000000000000000000000000000000000000000000000000000000000000000000000000000000000000000000000000000000000000000000000000000000000000000000000000000000000000000000000000 655588841316768164712699848781116451100299349116105804984901726159152823094877874636820419376961248684353102029330970229547613020550825788689972661680153033612843207804711439826086448302772102944048875035094405302759959807374460781876778877988387809737113706280647668116491214033896884763888113828057301521037/2500000000000000000000000000000000000000000000000000000000000000000000000000000000000000000000000000000000000000000000000000000000000000000000000000000000000000000000000000000000000000000000000000000000000000000000000000000000000000000000000000000000000000000000000000000000000000000000000000000000000000000000
0 0

0 0

0 0

