1                                                

-0.285309188776181938687e0 0.693181651567241407890e0
0.100000000000000000000e1 0.000000000000000000000e0
0.516559283073130889961e0 0.364779022976399023941e0
0.730711111582224341160e-1 0.729413823231372013029e0
-0.451553872672715706567e0 -0.203866825791337411214e0
0.100000000000000000000e1 0.000000000000000000000e0
-0.284374268453145895961e-1 0.902639792507761599743e0
0.916194024360061047015e-1 0.501468335160844955547e0
-0.108914821595699672018e0 0.513337410964015005473e0
0.277074875905638896026e0 0.807917637264418089289e-2

