1                                                

0.481957448138777425826e0 0.264648411783851530223e0
0.140316868460649083876e-1 -0.497560913116198148657e0
0.527455137126467194528e0 -0.674422254766364357706e0
0.100000000000000000000e1 0.000000000000000000000e0
-0.217638139928644751809e0 0.442379176562479776530e0
0.100000000000000000000e1 0.000000000000000000000e0
-0.281725632249932657323e-1 0.481626138576673022077e0
0.610764859194052422693e0 -0.265693224911611407892e0
0.441572794196812262312e0 0.500441754631007312685e0
-0.790301004356770282831e0 -0.344750461950606513822e0

