1                                                

0.535788308056860505747605850606e-19 0.220822370081532395370778920264e-19
0.100000000000000000000000000000e1 0.000000000000000000000000000000e0
0.498539595429319789340037849932e0 -0.481491500877329610967899665780e0
0.730711111582224344407573582738e-1 0.729413823231372012814076749595e0
-0.586753833630454658285455508149e0 0.197956532982469743279585007277e0
-0.214581245704186351952611056920e-19 -0.134263969036729639027319310584e-19
0.100000000000000000000000000000e1 0.000000000000000000000000000000e0
0.127382099382834300950250010284e-20 -0.121446466928851459105908794675e-19
0.292710801128752162946020503824e0 -0.924947074987189977493933706482e0
-0.280552365926998179577139738951e-19 0.399205288683758479221280485985e-19

