1                                                

0.100000000000000000000e1 0.000000000000000000000e0
-0.906571791841904036648e0 0.124712630000479785420e0
-0.237951725585712864047e0 0.467686830374311740077e0
-0.157211324428478124292e0 -0.652153106271519451007e0
0.827480863196810602887e0 -0.278033560638367745882e0
0.100000000000000000000e1 0.000000000000000000000e0
-0.577642679013688601665e0 -0.181558622723409297627e0
-0.376018591481307544227e0 -0.542969428238883539634e-1
-0.175114269845358271391e0 0.719157105492040632955e0
0.431962169001506536754e0 0.477133211464470981538e-1

