1                                                

0.354433490532253062230e0 -0.470454599411808113734e0
-0.804735850888129965034e0 -0.560682772195516740009e0
0.340532938723746471420e0 0.835185002042624545721e-2
0.100000000000000000000e1 0.000000000000000000000e0
0.851163371546410143104e-1 0.207797376229707341069e0
-0.326221887856646442443e0 0.174288093943957419037e0
0.204889613762547995369e0 0.684891300179831178163e-1
0.100000000000000000000e1 0.000000000000000000000e0
-0.242239191537995360850e-1 -0.154217338140997748205e0
-0.610024519507039706702e0 0.291758218391601480027e0

