1                                                

-0.816392363135310748855e0 0.300576434436003851595e0
0.100000000000000000000e1 0.000000000000000000000e0
0.663466540264945266376e0 -0.382138925479480102932e0
-0.402817380437011226960e0 0.653390461434320284897e0
-0.622592853509989481691e0 -0.192754119703764126206e0
-0.766542256495790710435e0 -0.382563370387895142579e-1
0.320737075925126198561e-1 0.943376817013697440345e-1
0.100000000000000000000e1 0.000000000000000000000e0
0.139401742459945934336e0 0.128082297599517201884e0
-0.719466109899122333699e0 0.614404247747487348638e0

