1                                                

0.307054455986214477095e0 0.874808054864868531912e0
0.100000000000000000000e1 0.000000000000000000000e0
0.588592910282990197386e0 -0.298504340798132531917e0
0.730711111582224340753e-1 0.729413823231372012920e0
-0.364334174369118314314e0 -0.671247907335912003500e0
0.100000000000000000000e1 0.000000000000000000000e0
-0.412366612997680296725e0 0.470600762536929466618e0
0.411202260724239662947e0 -0.267203732824724287352e0
-0.567264812088541791761e-1 0.922555364216547496656e0
-0.632328830386818890386e0 -0.244318188800463169659e0

