1                                                

0.100000000000000000000e1 0.000000000000000000000e0
0.584546177380420669384e0 0.575413339266108479569e0
-0.110818756983971161845e0 0.446148919921786573452e0
-0.377001005027944016034e0 0.468422154173774161925e0
0.228425854647023584675e0 -0.600223017902100688112e-1
-0.562107280061837016904e0 0.673131910789660452342e0
-0.555852673986322442373e0 -0.690269028308036568947e0
0.100000000000000000000e1 0.000000000000000000000e0
0.149185764187712479326e0 -0.763951903727446300066e0
0.645374590968094257956e0 -0.508901118277862681883e0

