1                                                

0.100000000000000000000e1 0.000000000000000000000e0
0.541877128672382535617e0 0.359653272718083397738e0
0.257811160692248517883e0 0.332962023483539714156e0
-0.706147527063236059663e-1 0.757275592662673234696e0
0.572743725432308184002e-1 0.126388585055497686378e-1
0.100000000000000000000e1 0.000000000000000000000e0
0.342221967737849381164e0 0.899052487942411042540e0
-0.900790359661805589448e0 -0.197746757474888873939e0
0.156484837546301355337e0 0.629066205560242861796e0
-0.209366638586597558880e0 0.542551277821025303171e0

