1                                                

-0.189039781898277070370e0 -0.216957357885448871653e0
-0.580039108141537336461e0 -0.750661212659699928309e0
0.401593097776465444244e0 -0.451503314546976532477e0
0.100000000000000000000e1 0.000000000000000000000e0
-0.169705705653096282961e0 0.268091201473402670450e0
0.100000000000000000000e1 0.000000000000000000000e0
-0.133080917350701226267e0 -0.347490039815173491441e0
0.133079683468980894422e0 -0.619903880055376389248e-1
0.626142300868358237377e0 -0.150957218390210214809e0
0.228896273097289772327e0 -0.644523802761019346972e-1

