1

0
-0.2560235838004657987473005248896900717843e-21 0.5080082054163160645219645560746204569901e-21
-0.3138472289242128485427204408700531252761e-21 0.6265143179863003395692831845360949724165e-21
-0.4175384185482691329015319705727915378830e0 -0.5532194723498966479242687228231839269408e0
-0.4799213697358203888965156392524454642935e-21 -0.1831444097804817182180859136880419137933e-21
0.1000000000000000000000000000000000000000e1 0.0000000000000000000000000000000000000000e0
-0.5391665518260295395352658973197881066313e-19 -0.3048140755287098543481611580436648247295e-19
-0.3973961975392908805892455125821691388197e0 0.5639995524151402479707459026533745057634e0
0.3337509073859148456559188465557774108109e0 0.7087055054909165488727794226541430905953e0
-0.8028056031145660427563750950493800900818e0 0.4912648368883423829565133898195753638222e0
0.1000000000000000000000000000000000000000e1 0.0000000000000000000000000000000000000000e0

