1                                                

-0.287093602428384890482e0 0.695007663253622422141e0
0.100000000000000000000e1 0.000000000000000000000e0
0.195783468394673768637e0 0.232218493618162209220e0
0.730711111582224340753e-1 0.729413823231372012974e0
-0.114500934662971074706e-1 -0.461649208311301908862e0
0.100000000000000000000e1 0.000000000000000000000e0
-0.290267915923582260575e-1 0.897529809841779473633e0
0.883516896657820167800e-1 0.505372467670171779635e0
-0.113498502240934478612e0 0.516345910313932353374e0
0.282375797737453692183e0 0.122201265518367757230e-1

