1                                                

0.100000000000000000000e1 0.000000000000000000000e0
0.200521016440714588362e-2 -0.377312517876994654351e0
0.689628057027705200965e-1 0.448375967951138885590e0
-0.515633797214775290655e0 0.311154262819292203230e0
0.629946375760437383046e-1 0.385787111648466000214e-1
-0.326221887856646442389e0 0.174288093943957419024e0
0.204889613762547995301e0 0.684891300179831178095e-1
0.100000000000000000000e1 0.000000000000000000000e0
-0.242239191537995360494e-1 -0.154217338140997748164e0
-0.610024519507039706756e0 0.291758218391601479945e0

