1                                                

-0.539061481829161842621977036299e-18 0.624497206531282383467390131921e-18
0.306313607105242538687074158630e0 0.900345666523332102665921997743e0
0.100000000000000000000000000000e1 0.000000000000000000000000000000e0
-0.232125589349090595579869998730e0 0.497672244896991047229028193006e0
-0.290779844454479445997465175462e0 -0.189286660588844624363512421450e0
0.275048430893173650497564365913e-18 0.482843348829816461627786784157e-18
0.100000000000000000000000000000e1 0.000000000000000000000000000000e0
0.139727950142165556986287561157e-19 0.930147492369234666769050395689e-19
0.292710801128752162587178192558e0 -0.924947074987189976352217482851e0
0.177868461512866828355300963716e-19 -0.848731372130284259017340393789e-19

