1                                                

0.470901558593099590520e0 -0.634501365055922180575e0
-0.481525929801565891132e0 0.332875786716898786706e0
0.100000000000000000000e1 0.000000000000000000000e0
0.781421133945229836530e0 0.232844814337833613336e0
-0.125835744158922850016e-1 0.310546421076065241393e-1
0.100000000000000000000e1 0.000000000000000000000e0
-0.741391269024452714376e0 -0.609850529921572870622e-1
-0.214880173600474711797e0 -0.295242511517551233615e-1
-0.281709754082154454426e0 0.699220180909138763964e0
0.183402724475422344020e0 0.931050475703417714342e-1

