1                                                

0.100000000000000000000e1 0.000000000000000000000e0
0.228771035860665054213e-22 -0.875670847750157892200e-23
-0.623014879859848717228e0 -0.619004238725102185251e0
0.854190225475988391331e-23 0.106879602742873320084e-22
0.253668589395667285868e0 -0.634747521072045835103e0
-0.338040243370516727938e0 0.587271733159366669049e0
-0.121471358129309975857e-22 0.361367689607486826571e-23
0.309404279806484814286e-23 0.146818271830900023678e-22
-0.230586006177140225533e0 0.716907745472188031297e0
0.100000000000000000000e1 0.000000000000000000000e0

