1                                                

0.100000000000000000000e1 0.000000000000000000000e0
0.708524748114265432373e-23 -0.535510319343758672258e-23
-0.244168508024767855617e0 -0.532169521474748281778e0
0.509305879333060818119e-23 0.632371983940651009382e-23
-0.169166481899065888417e0 -0.262494829916411835869e0
-0.348801586011818076546e0 0.635791613352433734950e0
-0.621986413932770227594e-23 -0.618824598331154458562e-24
-0.362332267605783973492e-25 0.882318686669329072249e-23
-0.188738990071021584265e0 0.765992632703574508122e0
0.100000000000000000000e1 0.000000000000000000000e0

