1

0
0.100000000000000000000e1 0.000000000000000000000e0
0.213494493470520098740e0 0.693450727353897064488e0
-0.465421726607140345144e0 -0.810332908277040287013e0
-0.490212266397729054713e0 0.206397049902404064442e0
0.272114566438001178862e0 0.421115313426244210318e0
0.100000000000000000000e1 0.000000000000000000000e0
0.753959929757639990485e-1 0.506037366256869358856e0
-0.306113756339162396207e0 0.937099941451346262584e-1
-0.408292831716792978486e0 -0.573458006349473060903e0
-0.276598647072708254594e0 -0.305613615043921854468e0

