1                                                

0.100000000000000000000e1 0.000000000000000000000e0
-0.696376634911094961303e0 -0.579389818587592705034e0
0.172375275634779404879e0 -0.941642332825703408297e0
0.371729928219729542768e0 -0.550283401517455421858e0
0.493338303829075611108e-1 0.635735542801891736434e0
-0.456585811728569709606e0 -0.366160249264478555897e0
0.387134813391148383937e0 0.824590596852046120023e0
0.100000000000000000000e1 0.000000000000000000000e0
-0.267815839242408994930e0 0.841952613217485592136e0
0.637780814587778952559e0 -0.645744500279661830179e0

