1

0
0.905846195896793413605106055025e-19 -0.207665853517200690131183787774e-19
0.100000000000000000000000000000e1 0.000000000000000000000000000000e0
-0.776242939301113701179519724503e0 0.390952820411955718761871929842e0
0.730711111582224340564960567019e-1 0.729413823231372013017944469601e0
0.178799711210339213646683986471e0 -0.134504005649442750005194446659e0
-0.196323825790914965742247652780e-21 0.224887131465267854719413100344e-20
0.356354970356695581620483005284e-21 -0.670564504614304852493326080469e-21
0.100000000000000000000000000000e1 0.000000000000000000000000000000e0
0.109521673356331329340395917556e-20 0.184413870143116868119609679781e-21
0.418964538402246317231986827683e0 0.839780228903242571872264096454e0

