1                                                

-0.314828894189297852214e0 0.420999145990296467894e0
0.100000000000000000000e1 0.000000000000000000000e0
-0.597725571616838552739e0 0.327837213344285283319e0
0.730711111582224340753e-1 0.729413823231372013029e0
-0.267674133372742325381e-1 -0.124576500006815199012e0
-0.119566268790727882555e0 -0.635920295932585934802e0
0.822040136289482966276e-1 0.190734757465350883828e0
0.100000000000000000000e1 0.000000000000000000000e0
-0.111341511484453816510e0 -0.120184380297886218985e0
0.223780682826207469489e0 0.703418342857138868113e0

