1                                                

0.1649731262203840080060340061293844442854e-19 0.2819945138755097581353203837194621624536e-19
0.6511585427918440243602678175530187156045e-43 -0.1442875756827852793828071689324848325527e-42
-0.4175384185482691328877378810209355114654e0 -0.5532194723498966479556711571846471939857e0
0.1100034400497632501823663251746215210947e-42 0.3695315074128955521332071261251756096917e-43
0.1000000000000000000000000000000000000000e1 0.0000000000000000000000000000000000000000e0
-0.2613032491797818820252967946301410771999e-18 -0.4849958278789190230646488499746559013177e-18
0.1328155724214773701422070792543799372069e-35 -0.2201260405566595499710160427116723273016e-35
0.2571066772840293690974314802825644066511e-32 -0.1259605771265965445482758782062847666249e-31
0.1000000000000000000000000000000000000000e1 0.0000000000000000000000000000000000000000e0
0.4865414777618795869950292452679961661400e-19 0.3409468317370422943018979675006912364044e-18

