1                                                

-0.416063444771144159010e-1 0.580377768791018462873e-1
-0.219555535598327970653e-23 0.335724926994471172386e-23
-0.360068542506856564459e0 -0.531597299738163569464e0
-0.124986450415125942458e-23 -0.549695976030246918850e-23
0.100000000000000000000e1 0.000000000000000000000e0
0.411753628832536174866e0 -0.271074474726626405498e-1
0.845143783183910445122e-23 -0.101688613519229800172e-23
0.377464721214197453412e-23 0.390303937671942538861e-23
0.100000000000000000000e1 0.000000000000000000000e0
-0.549879348483727031576e0 -0.123224536683342909444e0

