1                                                

0.100000000000000000000e1 0.000000000000000000000e0
0.348287906489834657968e0 0.233624470047018503282e0
0.411984132678131278880e0 0.556161455315769497347e0
-0.144959133567215631177e0 0.271117213078087379113e0
0.635662140330872180787e-1 -0.898770022236015394781e-1
0.100000000000000000000e1 0.000000000000000000000e0
0.178056623766994577356e0 0.167088408276872164550e0
-0.226677295269838883020e-1 0.203568287729744322234e0
0.245818988635582347322e0 0.509114501197865198460e0
0.387198730564478002937e0 0.216848873192803946785e0

