10
0
0
64
-0.112202367639527263751e1 -0.155395291405849190716e0
-0.354483134681243692882e0 -0.316254487500173964566e0
-0.375831079746539462575e0 -0.688046715114849083775e0
0.204777918303571750141e0 -0.281673965349299203952e0
-0.852892601151540080462e-1 0.909662341050733245956e-1
-0.163873403794477066682e-1 -0.104180304531437578348e1
0.171155338079092174912e0 -0.188238067498744243421e0
0.212449525885668654055e0 0.202793668300857414775e-1
0.526368718323142505892e0 -0.264438003579891776126e0
0.219568659073003894959e0 -0.406938392939843828026e0
6.06087439757635e-20
5.233176953450419e+01
3.31195757420608e-19
9.76562500000000e-5
7.79928250506480e-17
1.000000000000000e-01
1
1
-1

2 0
2 10
-2282612028639882924996239746030628174539404610918510321197341280938274504867684409911776536606417253647385203709858283924455205563201960179208273696294029708281235339896557921477194865077815985837341776857384689815499091960837644866120097274855885695816839227649324031222590812661453678185337579402935980178823/10000000000000000000000000000000000000000000000000000000000000000000000000000000000000000000000000000000000000000000000000000000000000000000000000000000000000000000000000000000000000000000000000000000000000000000000000000000000000000000000000000000000000000000000000000000000000000000000000000000000000000000000 -1243643893675129622307300167509747850335183307256434983880859529980878514142043110944970664613412576436796973777885959774432695918465048818943620333129930415058066329313778419387037349063864861138768198764781725096344203048255542748449231836247856151458936708203434201255940156255954008201018454053529024839261/2000000000000000000000000000000000000000000000000000000000000000000000000000000000000000000000000000000000000000000000000000000000000000000000000000000000000000000000000000000000000000000000000000000000000000000000000000000000000000000000000000000000000000000000000000000000000000000000000000000000000000000000
942954204313050150653649364165686222480407357067623620295013154072608485643834898240722483659571318681591543219977753800605354896007956845142083948250320138959515073868936127441479825654891697052475653588929921400576534408896803164655497839730848038896951655266495107318822393556467072784551771525870301498923/1000000000000000000000000000000000000000000000000000000000000000000000000000000000000000000000000000000000000000000000000000000000000000000000000000000000000000000000000000000000000000000000000000000000000000000000000000000000000000000000000000000000000000000000000000000000000000000000000000000000000000000000 1275647251020280101625387542489504436348409122904006985478856703608849984472160918432553002986641973415328492432711933531859562384373714106004141849880566560953411875562607732446776845372794787354343662891451380023840598700309792659433315617450739871442501348174578863664474507853561996493187552240233890606713/5000000000000000000000000000000000000000000000000000000000000000000000000000000000000000000000000000000000000000000000000000000000000000000000000000000000000000000000000000000000000000000000000000000000000000000000000000000000000000000000000000000000000000000000000000000000000000000000000000000000000000000000
-1816627809207245800912220361639738061753027585960908437517883633195320220131419304861422435207275085270486302526135126244077699789064027519243655887737483892375871811279316924588895094157756612502417728403464675012092686591842408839929957357427890825364253344064519035220043017694701872993267438428488374538683/10000000000000000000000000000000000000000000000000000000000000000000000000000000000000000000000000000000000000000000000000000000000000000000000000000000000000000000000000000000000000000000000000000000000000000000000000000000000000000000000000000000000000000000000000000000000000000000000000000000000000000000000 2284459331478091170909177917566285555739049555823075984923152593883537298264584676916427926847687869916792379605407137419439230175950589666668460653613199128847652829875583576811769700635936715006778657933256840286002553934531225224046194948330907507145815607485079934359679718895582319818446724939474152601933/2500000000000000000000000000000000000000000000000000000000000000000000000000000000000000000000000000000000000000000000000000000000000000000000000000000000000000000000000000000000000000000000000000000000000000000000000000000000000000000000000000000000000000000000000000000000000000000000000000000000000000000000
1948696714212398606115418756512836663251754983217981495394982503738741244669057154876910893304550547752777105068726933778988240246747882836441152114885999253926624748927758853887190917808848684250475478348589579210713764308015511689050339459601227024174229516995949764194447746592964822555007174807330149090453/2500000000000000000000000000000000000000000000000000000000000000000000000000000000000000000000000000000000000000000000000000000000000000000000000000000000000000000000000000000000000000000000000000000000000000000000000000000000000000000000000000000000000000000000000000000000000000000000000000000000000000000000 966500539072658077675103159070310798835299445528222866750795324729745230244620048699046763930561350713062878159653700017686418655106912692069229929316306760472528188381611402731259465779900143320354580351545805299621554288397647541011954141873210740649300291906843257757831746352199965170209939783197963146519/2500000000000000000000000000000000000000000000000000000000000000000000000000000000000000000000000000000000000000000000000000000000000000000000000000000000000000000000000000000000000000000000000000000000000000000000000000000000000000000000000000000000000000000000000000000000000000000000000000000000000000000000
-3107630899077726502591578382268083364541447769859087248953292471178481815706479527713680734289974433438095304985724851508963430188179438856304457469644804476916908029940787877421982667047407489311318939742315773746954081518011776055622177634288969733847000644407502827657509334466657888949497710246158594438693/5000000000000000000000000000000000000000000000000000000000000000000000000000000000000000000000000000000000000000000000000000000000000000000000000000000000000000000000000000000000000000000000000000000000000000000000000000000000000000000000000000000000000000000000000000000000000000000000000000000000000000000000 -8306829125095761228024402090524081993111726352986595680962794704934949709770106960713305128733854203671238912551180590977352940100618768479178149703853786977582064550528340681545050714520247780390603023877908797488095426386728447610952694823217177818949470002647211513432912544805817547134777750030308978335987/10000000000000000000000000000000000000000000000000000000000000000000000000000000000000000000000000000000000000000000000000000000000000000000000000000000000000000000000000000000000000000000000000000000000000000000000000000000000000000000000000000000000000000000000000000000000000000000000000000000000000000000000
0 0
0 0
0 0
0 0
0 0
0 0
0 0
0 0
0 0
0 0
-187476121658752074934459869532296677185053004877800673171389479371703731456488331534820431061112750918433966588430341688599458444696662102680909940524338295661825918570450021311498740668186359034753996667896915087048464197956393221287964702425613235287914017185001678155190095038191754671558043278742207039617/250000000000000000000000000000000000000000000000000000000000000000000000000000000000000000000000000000000000000000000000000000000000000000000000000000000000000000000000000000000000000000000000000000000000000000000000000000000000000000000000000000000000000000000000000000000000000000000000000000000000000000000 1568662559471747155238140971624590463582148918169650736194096130794187816377967259138551761615141106368626202990882699033151209229051953544648317561341207466809637570925400225569729409530234731199900557589495145188811103270557150453181076209883720145318103653956726180459523309156796981116349377890978962659889/2000000000000000000000000000000000000000000000000000000000000000000000000000000000000000000000000000000000000000000000000000000000000000000000000000000000000000000000000000000000000000000000000000000000000000000000000000000000000000000000000000000000000000000000000000000000000000000000000000000000000000000000
748377860602855860675114706007355409864542711557556186729507986771226610677981901236566166851176075165293818244338327412992153780223710059044095849888925491420156111206437110705802914671594133951782327803212577405886445591240121712365729561017910782123042983217949495166384335489244614129023864613575014012617/1000000000000000000000000000000000000000000000000000000000000000000000000000000000000000000000000000000000000000000000000000000000000000000000000000000000000000000000000000000000000000000000000000000000000000000000000000000000000000000000000000000000000000000000000000000000000000000000000000000000000000000000 123620056572712367635186889153787269366645415600017597027184005605798767623153121534407005772415254294014891492995954610679938079111285105719848432419632906457003115317538796973637152027609425789276912515336687282766797105150871010000432462993116527276077193654612518263585740840459051492919622243865315033629/400000000000000000000000000000000000000000000000000000000000000000000000000000000000000000000000000000000000000000000000000000000000000000000000000000000000000000000000000000000000000000000000000000000000000000000000000000000000000000000000000000000000000000000000000000000000000000000000000000000000000000000
503385270388284293731310491674540181815801872645942798487637098615631569485770254226855874534157618795139095003294933009950545577485831394517564569261742772049339221063309803953058184418596791623196028940507035936527738201950695247364571357402916204359106026203359627915685518749766908099986413102951034977263/625000000000000000000000000000000000000000000000000000000000000000000000000000000000000000000000000000000000000000000000000000000000000000000000000000000000000000000000000000000000000000000000000000000000000000000000000000000000000000000000000000000000000000000000000000000000000000000000000000000000000000000 -7954796394705561650856501383332966964270633654958095573933147250753223323159052065896589509258466017914026807207988908937636972251999765841288621539351731888273676108446868266549768850077333880223295023295867441931149531553567794523691777055252048496016033861674573101142037857302525571262095558536429315976437/10000000000000000000000000000000000000000000000000000000000000000000000000000000000000000000000000000000000000000000000000000000000000000000000000000000000000000000000000000000000000000000000000000000000000000000000000000000000000000000000000000000000000000000000000000000000000000000000000000000000000000000000
-1141999898887621159192236533107347691331791697154996357183200860880241277297559950362075945401495279682860822788518567804506443273157155985364319573649122272072152223665764805046654513474308119653320928618834760238927093623315482070833299584709938820924285445990781625536576009145646690078262553770295583551403/5000000000000000000000000000000000000000000000000000000000000000000000000000000000000000000000000000000000000000000000000000000000000000000000000000000000000000000000000000000000000000000000000000000000000000000000000000000000000000000000000000000000000000000000000000000000000000000000000000000000000000000000 -2534201232971113022766275256855788816108549150974282705703275399091718917017107828518255741852640625501688235335027210928527788416578711217930865723832277916565564025135879725075221366514416451003774837843347370655156534017531466438661444347397678756988709395702613168017969113722522466534436096062087507975581/5000000000000000000000000000000000000000000000000000000000000000000000000000000000000000000000000000000000000000000000000000000000000000000000000000000000000000000000000000000000000000000000000000000000000000000000000000000000000000000000000000000000000000000000000000000000000000000000000000000000000000000000
207616839279639173295603012561625164871874499000763732999430358700834240708317444203356055763623542905631963640531576189793686908755333337217296631223943148788626691976122708907294428068879141690019654814651297811545073677078221044489385530564017591388187005862496770745188823682187987556987969153056605862011/312500000000000000000000000000000000000000000000000000000000000000000000000000000000000000000000000000000000000000000000000000000000000000000000000000000000000000000000000000000000000000000000000000000000000000000000000000000000000000000000000000000000000000000000000000000000000000000000000000000000000000000 -464635153190420881578685506057837404939504589898789914762970101802625640518610878178305333235718384366885616421841290109434211164187487448395752051337255008226878454951604689162797793269641694926382918329334329734281410087882920592014583723756018876038991791045299034618060440267252652287380767200536239944281/2000000000000000000000000000000000000000000000000000000000000000000000000000000000000000000000000000000000000000000000000000000000000000000000000000000000000000000000000000000000000000000000000000000000000000000000000000000000000000000000000000000000000000000000000000000000000000000000000000000000000000000000

-1
875220031506690177324525694794984041372586260776720087044387734550879131230676392289635578958600230521287548544153686595047266384193783222470165312939525196295317702561833367661136753314798344194181375633856039892962597100657211374974263733713070391204686196940764977173150645253910094838687703748176634554683/5000000000000000000000000000000000000000000000000000000000000000000000000000000000000000000000000000000000000000000000000000000000000000000000000000000000000000000000000000000000000000000000000000000000000000000000000000000000000000000000000000000000000000000000000000000000000000000000000000000000000000000000 202816664199955203760908966744565627216555465842844691925581258867154441282918022869924395494169488455686311068658656135666876998389674576533845942542882166099615574059288123777261794319122000355916668155808115470899766922041704881423230100506498902492309445139279733274093806674744575508973763448396999136337/312500000000000000000000000000000000000000000000000000000000000000000000000000000000000000000000000000000000000000000000000000000000000000000000000000000000000000000000000000000000000000000000000000000000000000000000000000000000000000000000000000000000000000000000000000000000000000000000000000000000000000000
0 0

0 0

0 0

