1                                                

0.100000000000000000000e1 0.000000000000000000000e0
0.863666497626404688123e0 0.406308228620877106088e0
0.425479865099496678649e0 0.374727144063023575801e0
-0.233257767797028671400e0 0.659659675768581090297e0
-0.110650217779107256258e-1 -0.949516970038312009450e-1
0.100000000000000000000e1 0.000000000000000000000e0
0.304765946539608564565e0 0.170175411317041089054e0
0.148534099806453973697e0 0.642270687834519131377e0
0.195788901438781043530e0 0.196335045178432994646e0
0.488353548984161197759e0 0.404064025738314316942e-1

