1                                                

-0.952281852501924555495e-1 -0.616490764782310847188e0
-0.523257790067308633359e0 -0.447696671782857545289e0
0.676478090429511913614e0 -0.294980703199413540178e0
0.100000000000000000000e1 0.000000000000000000000e0
-0.107599766011698166702e0 0.110376865337693129730e0
0.471732551829748697437e0 0.285482171212723177844e0
-0.151764493714733282419e0 0.191968260704896509822e0
-0.650941484839892535599e-1 -0.727572906481987247330e-1
0.100000000000000000000e1 0.000000000000000000000e0
0.365561824546020427143e0 0.757220604558535469381e-1

