1                                                

0.252355616161053934287e0 -0.531371576418679410073e0
-0.792358413068524831675e0 -0.499193632167594833287e0
0.470372068113993939046e0 -0.184543679223491132412e-1
0.100000000000000000000e1 0.000000000000000000000e0
0.417459958585913540758e-1 0.166627067819758521703e0
-0.959133770872026033389e0 0.284821223265015438086e-1
0.740754384719607206710e0 0.341900179983685061059e0
0.100000000000000000000e1 0.000000000000000000000e0
-0.159600036726959336711e0 -0.800445319465951604307e0
-0.774274628601221921557e0 0.526246206473399806341e0

