1

0
0.544552031149143688338e-18 0.190238959939120268826e-18
-0.417538418548269132718e0 -0.553219472349896648311e0
0.125695035322141131359e0 -0.711811257215878513392e-1
0.100000000000000000000e1 0.000000000000000000000e0
-0.272772503651130485898e-1 0.206619146749865821146e0
-0.356251219018977326701e0 0.309852979806465189525e0
0.773041143865198677066e-2 -0.401373217506100091889e0
-0.335447203120508852031e0 0.264820523852850549809e0
-0.144789222035319718453e0 -0.949769398344557250181e0
0.100000000000000000000e1 0.000000000000000000000e0

