10
0
0
64
0.222769665127880989175e-18 -0.286614773527173877232e-18
-0.413776205472485323359e0 0.138000619502888994866e0
-0.172268931008403749000e-1 -0.892583639688430837851e-1
0.200717769660945544329e0 -0.596451936068190010439e0
0.117763361251946234906e0 0.577417030957690937669e-1
-0.425745605876930274596e0 -0.718451733924109567912e-1
0.288089877331917918509e0 -0.227541632557925207746e0
-0.381849502857281754363e0 -0.832875589183032470224e-1
0.587035425240964226629e0 -0.653661984883700700286e0
0.580516526004311057742e0 0.706579894645455451911e0
4.54060226043518e-19
1.213700506461686e+18
3.07833689372905e-20
2.38418579101563e-8
3.74556025040952e-17
1.000000000000000e-01
2
1
-1

2 0
2 10
6376430959319955817069961623284336534244212715077831179276821331894271925288608941402257442790023120497981741049410650251776594267319601551059598484565458467805398647207705798259533504382652799183370626389843399722984229957241126847621091703594749364884227820586810015018239601129306958336388266634245148660469/10000000000000000000000000000000000000000000000000000000000000000000000000000000000000000000000000000000000000000000000000000000000000000000000000000000000000000000000000000000000000000000000000000000000000000000000000000000000000000000000000000000000000000000000000000000000000000000000000000000000000000000000 -3391773329569923520359991366864738794730698209317665332182365405016443945334106202075102072923096684344140388434762115999716875681100388270603521233774203693505773917721256137222323062090514801195663075864044981662923981283874592175342572252450913703609118561604993988517751440683414807193450578808274886760363/5000000000000000000000000000000000000000000000000000000000000000000000000000000000000000000000000000000000000000000000000000000000000000000000000000000000000000000000000000000000000000000000000000000000000000000000000000000000000000000000000000000000000000000000000000000000000000000000000000000000000000000000
-1861613702300805594610197649390244589975682491204620708372017822268350663103957332891763257332650805535253396103358685284293053831004012907882941851769551246915960825446146985735753710786802086552454724090514158547085111527248858534516742969469360030110037601163451635031622755004089588234532087413196268342357/2000000000000000000000000000000000000000000000000000000000000000000000000000000000000000000000000000000000000000000000000000000000000000000000000000000000000000000000000000000000000000000000000000000000000000000000000000000000000000000000000000000000000000000000000000000000000000000000000000000000000000000000 3841331607309361306236233875095519435884524111419763107768365246507809573222916668802924972608057838490235942540280649545806681923308495496706290719606733026914747718297151144901218912814915381533003777418278707027424228405115456366349253180308555306241269964847496213162552938412536001801461979737871780799181/10000000000000000000000000000000000000000000000000000000000000000000000000000000000000000000000000000000000000000000000000000000000000000000000000000000000000000000000000000000000000000000000000000000000000000000000000000000000000000000000000000000000000000000000000000000000000000000000000000000000000000000000
7897712380202070786506431423946319599875723612953904068367177077780724200840041781044038332162017231922716514792787425109286629517908396654322973514806338886769673693240093064451884747985507091256923241409918657383326170123685404095115537539887978561707916242216947703702326185057712502737321403245196300210479/10000000000000000000000000000000000000000000000000000000000000000000000000000000000000000000000000000000000000000000000000000000000000000000000000000000000000000000000000000000000000000000000000000000000000000000000000000000000000000000000000000000000000000000000000000000000000000000000000000000000000000000000 6404392597443088840448980731114087234944995596397488557974368713068681511146842651050660830841079742533310054183898733432020253291542156037288596056808902686759343601749446284532775877587570757956854186754556727077917422824329407592783415924223634237023105744897194595664325952946829381801279843004160373230451/10000000000000000000000000000000000000000000000000000000000000000000000000000000000000000000000000000000000000000000000000000000000000000000000000000000000000000000000000000000000000000000000000000000000000000000000000000000000000000000000000000000000000000000000000000000000000000000000000000000000000000000000
-1005473964505196415880164982981160102532912254489706311049030957437533904987517296977055292670340430590224480661953552457901369692709506378699770123989208041952369111843756630427481239488231725548212212751437401811032078121818441684655348090421979132539575544314042680697414930374482001688794721795899652116073/5000000000000000000000000000000000000000000000000000000000000000000000000000000000000000000000000000000000000000000000000000000000000000000000000000000000000000000000000000000000000000000000000000000000000000000000000000000000000000000000000000000000000000000000000000000000000000000000000000000000000000000000 4924377078454683784570792958237187981915730304617316959494530829269653325346915361119510836474965518879040875933408143151716416486890554055588855181689945279000330650579715183590746082845949044447834626234415304644722615729078411996582065947998022772583206989097920941026333363668745593447610665390983906182511/5000000000000000000000000000000000000000000000000000000000000000000000000000000000000000000000000000000000000000000000000000000000000000000000000000000000000000000000000000000000000000000000000000000000000000000000000000000000000000000000000000000000000000000000000000000000000000000000000000000000000000000000
876180118889825235532332498868712476034830962064929856084838891061649908966990494042930988245654732697859044985024967726541080161802701662454162385287196296774583096037217474679139538594050822880768556924776874040889031125879850805328796351423139086456555457902599702115650298328180221580814876216308037706729/1250000000000000000000000000000000000000000000000000000000000000000000000000000000000000000000000000000000000000000000000000000000000000000000000000000000000000000000000000000000000000000000000000000000000000000000000000000000000000000000000000000000000000000000000000000000000000000000000000000000000000000000 9191712675335632925067264208128437869198126203953583565016541498942360292008021134709290565205365270969145631052074963831214340039093126808771767507765992634944433965341230435518113926605873692574901180872874210919378357681753310382402946616567307360022939881262990170449247934819685377225656998397080272175797/100000000000000000000000000000000000000000000000000000000000000000000000000000000000000000000000000000000000000000000000000000000000000000000000000000000000000000000000000000000000000000000000000000000000000000000000000000000000000000000000000000000000000000000000000000000000000000000000000000000000000000000000
0 0
0 0
0 0
0 0
0 0
0 0
0 0
0 0
0 0
0 0
-600374900331013548752302018579187161983675586297317680567505169762212750336882862581646049486702353423757478861170285462659951193203508421555684552585547591888299009004560456387546315530201482123214353354831110169954367412829410625151222884516921368169440761978174711289033831708034035151256136901606968832589/1250000000000000000000000000000000000000000000000000000000000000000000000000000000000000000000000000000000000000000000000000000000000000000000000000000000000000000000000000000000000000000000000000000000000000000000000000000000000000000000000000000000000000000000000000000000000000000000000000000000000000000000 214524612464679163953010019613663752896309272078072218799854356724612171903090045835451334777792958432748939981314044816965353669782522937528436680226416600928621746489471329971810349302301548084122349907310275317253740900408803230083257159034313186535465010664736598903912993541134036651225795466052237854709/250000000000000000000000000000000000000000000000000000000000000000000000000000000000000000000000000000000000000000000000000000000000000000000000000000000000000000000000000000000000000000000000000000000000000000000000000000000000000000000000000000000000000000000000000000000000000000000000000000000000000000000
1200888735361224040355958578594628008958071164266695518210662323230400616685467246869423257111315530947755998685841681705047775618281701312910187010233824107334131895794606307939424503173975814968423352196675508349200342065372880712519038713507669097773194162507283118072745370589466937879335005910438368862381/2000000000000000000000000000000000000000000000000000000000000000000000000000000000000000000000000000000000000000000000000000000000000000000000000000000000000000000000000000000000000000000000000000000000000000000000000000000000000000000000000000000000000000000000000000000000000000000000000000000000000000000000 8337711490589322639771342644377159410688847558695630229601605236861111102881151875610961820914954757796782724430827970719848890425544377692860863871839158037682744369113647288805233288716452127717315052233437401564778042829179068069618084169896239431412335602877236600880987525322176403216445556400007440172621/10000000000000000000000000000000000000000000000000000000000000000000000000000000000000000000000000000000000000000000000000000000000000000000000000000000000000000000000000000000000000000000000000000000000000000000000000000000000000000000000000000000000000000000000000000000000000000000000000000000000000000000000
9517053996552965580544748721338303650621484673235785549697449354906184562164560818537383753151850729412543827039130344521254484571886010718376540218930142224694361299657362650871452905025130351481645101087353505270254513502528931490552376740733347736999593239987695765658063334921527924610705656916383077315707/10000000000000000000000000000000000000000000000000000000000000000000000000000000000000000000000000000000000000000000000000000000000000000000000000000000000000000000000000000000000000000000000000000000000000000000000000000000000000000000000000000000000000000000000000000000000000000000000000000000000000000000000 -1929226426741146583597085324914708720498822580929276096755924811889618446302227335734050981491779527483436660822205545784285855603170117171942089590590343371700831935578112574394510772961227434639034701818746835075221358181746903034133471734920323911977622885910726950841208526498564871760117018955699950564177/50000000000000000000000000000000000000000000000000000000000000000000000000000000000000000000000000000000000000000000000000000000000000000000000000000000000000000000000000000000000000000000000000000000000000000000000000000000000000000000000000000000000000000000000000000000000000000000000000000000000000000000000
1720048186066573264801618996917670379571982844063798082204591972149193722752298279929600221467556849284688920673091050646750251470272246278895254919381622769031551797948218815297080360784399521285991801459390133279201250568800577003138927459277687365829319991409511074642574874478648872074675545611074416193397/2000000000000000000000000000000000000000000000000000000000000000000000000000000000000000000000000000000000000000000000000000000000000000000000000000000000000000000000000000000000000000000000000000000000000000000000000000000000000000000000000000000000000000000000000000000000000000000000000000000000000000000000 4696393390098896384812666202666939531232244054596245669228176291428385767981147712929937939579588300753812723014677627357103549920983178615266908879534508398745923722484052833820636874091580199313986161719578411985432639986916408695174318062693528183616195822447689747458532254016822109121585313438766484854947/10000000000000000000000000000000000000000000000000000000000000000000000000000000000000000000000000000000000000000000000000000000000000000000000000000000000000000000000000000000000000000000000000000000000000000000000000000000000000000000000000000000000000000000000000000000000000000000000000000000000000000000000
4371702851226907391458056891958964241252906118091133367772398360447251734521066507345420357558860729609750793172902372837020455809723746294051848887659706186464273704530444903149644950593807678309133416198496931008222240992326837953726642423310158202902966304244389195143675316498635617937220165293459429415601/10000000000000000000000000000000000000000000000000000000000000000000000000000000000000000000000000000000000000000000000000000000000000000000000000000000000000000000000000000000000000000000000000000000000000000000000000000000000000000000000000000000000000000000000000000000000000000000000000000000000000000000000 2319965014469458681352516220605760654204885273478128113726873722909196758156001765286191609991608750417284463073214235156802844388509709987483037888290509987009277959754719940571755555400185639874245064074253624593418647852576852683413517210403479521813303113885600822387888504785482301404689306873357190016351/5000000000000000000000000000000000000000000000000000000000000000000000000000000000000000000000000000000000000000000000000000000000000000000000000000000000000000000000000000000000000000000000000000000000000000000000000000000000000000000000000000000000000000000000000000000000000000000000000000000000000000000000

-1
300911327350294562199805629856670619734074212526040942032706106333810682634648945845801918552698166001358517854687964649906346454403888351482262640065881211915226184594089552106958398451030026162475701060124168264448200100191020510029422306479027021657637166305813768505654543970465260522447546399316494750049/2000000000000000000000000000000000000000000000000000000000000000000000000000000000000000000000000000000000000000000000000000000000000000000000000000000000000000000000000000000000000000000000000000000000000000000000000000000000000000000000000000000000000000000000000000000000000000000000000000000000000000000000 -9878385770725383861946472857962763575827567339050550730485137848158432641902689776137004060691268354514358538087900634556440569582278747182196728769497524906056103942248715206165920180600664898826047143554961463261533051654594234707307757497122726532238035711388702670067821448624479050480291822944700486252841/10000000000000000000000000000000000000000000000000000000000000000000000000000000000000000000000000000000000000000000000000000000000000000000000000000000000000000000000000000000000000000000000000000000000000000000000000000000000000000000000000000000000000000000000000000000000000000000000000000000000000000000000
0 0

0 0

0 0

