1                                                

0.587173102233926920293e-1 0.840341715470282658417e0
0.745081086173522279519e0 -0.881813351884874510161e-1
0.100000000000000000000e1 0.000000000000000000000e0
-0.156067640715018326927e0 0.672393542910330994163e0
-0.637380458238044020423e0 -0.207127976684424105900e-1
-0.356251219018977326511e0 0.309852979806465189227e0
0.773041143865198677066e-2 -0.401373217506100091889e0
-0.335447203120508852085e0 0.264820523852850549755e0
-0.144789222035319718453e0 -0.949769398344557250181e0
0.100000000000000000000e1 0.000000000000000000000e0

