1                                                

0.100000000000000000000e1 0.000000000000000000000e0
-0.282282604247947137033e0 0.774952934372602134224e0
0.361731737480544920395e0 -0.666879483999846183178e0
0.790543921494147140217e0 -0.101881213959425698972e-1
0.174265334612346988336e0 0.464132436973479077730e0
0.100000000000000000000e1 0.000000000000000000000e0
0.223514109985370633844e0 -0.787730344381001666330e0
-0.151389757382166620522e-2 -0.350340347705366519378e0
-0.260356193507609148889e0 0.517685938376972380835e-1
0.457303568483057671775e-1 0.959416029957363018842e-1

