1                                                

-0.194823726046584246111e0 -0.845721954599829814879e0
0.100000000000000000000e1 0.000000000000000000000e0
-0.470899336180108949655e0 -0.990110399853381573543e-1
-0.238820850054134143698e0 -0.361076123453076901947e0
0.243921897862463755175e0 -0.302537806769167127145e0
0.100000000000000000000e1 0.000000000000000000000e0
0.259495815484257257239e0 -0.619882334742575461417e0
0.495764384540277447248e-3 -0.338190547505047440818e0
-0.122305835782890885482e0 -0.137164575939777421316e-1
0.143968064319442346554e-1 0.561428536854105303776e-1

