1                                                

-0.1081567842976569786143093077767690569748e-19 0.7801491497505393447114734127683248453273e-19
0.1910973274903707230601895029303169927013e-35 -0.6261400299403130188638703229169379733178e-35
-0.4175384185482691329067116312731647189247e0 -0.5532194723498966480847465014358187462851e0
0.5549706013932243100759288507103559783884e-35 0.7642877464685398105580456998923582403783e-35
0.1000000000000000000000000000000000000000e1 0.0000000000000000000000000000000000000000e0
-0.1338082924429530006621446280163676256537e-19 -0.4856843811239389932540819566998367806388e-19
0.1114170603273202598272211608103727235419e-35 -0.1805115566008821686465062682871254190206e-36
0.4510859014062832740215560635489512251902e-33 -0.5650026414026584388320745838769744475727e-33
0.1000000000000000000000000000000000000000e1 0.0000000000000000000000000000000000000000e0
-0.3883429326742467781303126748265316385364e-19 -0.9968113690277930988770531915290882194724e-19

