1                                                

0.107581372954496766278e-1 -0.982971643147525176183e-1
-0.310138934691319236594e-23 0.364393231846893455052e-23
-0.335103677907681426085e0 -0.561454591158105923787e0
-0.186608260865052403617e-23 -0.481169657616542003767e-23
0.100000000000000000000e1 0.000000000000000000000e0
0.457859354695824895503e0 -0.211599846226598328511e0
0.445252911873856636435e-23 -0.128898487304288512566e-22
-0.524351574272300134084e-23 -0.176591897028442980390e-22
-0.754881808649489978685e0 0.205419632911240257914e0
0.100000000000000000000e1 0.000000000000000000000e0

