1

0
-0.247207022480852376393e0 0.545330563436861226543e0
-0.793568175140179720263e-1 0.480930212910303743349e0
0.234724265579304282954e-1 -0.385020235275714420834e0
-0.356595836140111981116e0 -0.227418546154577648976e-1
0.100000000000000000000e1 0.000000000000000000000e0
0.100000000000000000000e1 0.000000000000000000000e0
0.248398135366606385909e0 0.366024291617046957140e0
0.697490329895349444591e0 0.238235043590464567784e0
0.540569712578619200258e0 -0.158637026479453306692e0
-0.687302780540802789691e0 -0.547003433762915786218e0

