10
0
0
64
0.488914922740225779049e-1 0.304353289076735300810e0
0.102636810927289936987e0 0.228998763855633965191e0
-0.993637455265765161307e-1 -0.171944078585754913288e0
-0.159535078039002633634e0 0.915979027915405727845e-1
0.429255876548789182772e0 -0.284243300836014615155e0
0.295392130365122640228e0 -0.585961900753847679589e0
0.287851144022671444507e0 -0.374311482769838316877e-1
0.345629813425303835154e0 -0.338330002409092043977e0
0.667247854436214338437e-1 -0.363613385479082912885e0
-0.523547004316419646737e0 0.241152734062828489435e0
8.67785151114910e-20
7.435672521301296e+01
5.05718875223844e-20
2.44140625000000e-5
1.62432564611259e-18
1.000000000000000e-01
1
1
-1

2 0
2 10
-9921180432566953008486465433759401945143492099010577256206988927986425805737131628949222786115332509009171499557809045120339758980930282695050674179383431950720376356138203372387182691308882727300618413005349672984193409653065163671600845755429843587497619621396786344103070789036842134448766979898645048871137/100000000000000000000000000000000000000000000000000000000000000000000000000000000000000000000000000000000000000000000000000000000000000000000000000000000000000000000000000000000000000000000000000000000000000000000000000000000000000000000000000000000000000000000000000000000000000000000000000000000000000000000000 -211097418921705100821277931231906308872534951368038103764988912289409038954861519087973561101540628366230573009030700732712001483370596294494456351564151018586273133865800794884357217940462704674636502385722338605115901285802295978277963147707980237090120814914287047567056832646078155872849277764322860098677/250000000000000000000000000000000000000000000000000000000000000000000000000000000000000000000000000000000000000000000000000000000000000000000000000000000000000000000000000000000000000000000000000000000000000000000000000000000000000000000000000000000000000000000000000000000000000000000000000000000000000000000
-5733003985150715671083618694308739899644028165777547187885502887480300474927587808080885527074584829594686022562163312072846940858074430815310300536952171231863843491305823063934871679811213408462930852876534968463935985924348362154300216431275057220620485470604847472765418879535728299286420893869432549875677/10000000000000000000000000000000000000000000000000000000000000000000000000000000000000000000000000000000000000000000000000000000000000000000000000000000000000000000000000000000000000000000000000000000000000000000000000000000000000000000000000000000000000000000000000000000000000000000000000000000000000000000000 -1985546094732808381338217008414348295170519180019526600470103244442999739139116438016635727463504422358573558929995860063133666327245476660459655631200976428388906152494386420323671977700757654361260480729752348725440142955533876091148470147297350731618945993738119048382545869583799047215189623249037964893593/5000000000000000000000000000000000000000000000000000000000000000000000000000000000000000000000000000000000000000000000000000000000000000000000000000000000000000000000000000000000000000000000000000000000000000000000000000000000000000000000000000000000000000000000000000000000000000000000000000000000000000000000
84513281818469220523897044393853742488901875243516908413865516523130863667291672772051314154497699809450629364919891184485311561993951695151361139790668429394502624456157103236283754214117991448386496560195002202529339618759239163718634676030927277227514341057274125761193705925213961568552239813143988232381/500000000000000000000000000000000000000000000000000000000000000000000000000000000000000000000000000000000000000000000000000000000000000000000000000000000000000000000000000000000000000000000000000000000000000000000000000000000000000000000000000000000000000000000000000000000000000000000000000000000000000000000 7147674519628523638791184243064341961001894475782000684597561508219304245196232273783138928627230284241221216978499921709889938508840329130718976803756320428845499215133596021022360198161242167174661454115867083496826406599576939437186821980191839264162233605732409726388640521860833165753409582505378893215781/10000000000000000000000000000000000000000000000000000000000000000000000000000000000000000000000000000000000000000000000000000000000000000000000000000000000000000000000000000000000000000000000000000000000000000000000000000000000000000000000000000000000000000000000000000000000000000000000000000000000000000000000
2117686892657758149009729885832122993323906537440422106370053152930760702565436170512609454982850378463593795502791411814035358649498761333449736054952978150741622912145374494580784586529129258475205631747808103338732484283317615638168432918751801175575889219397630156956833014724858569888160401216305816727281/10000000000000000000000000000000000000000000000000000000000000000000000000000000000000000000000000000000000000000000000000000000000000000000000000000000000000000000000000000000000000000000000000000000000000000000000000000000000000000000000000000000000000000000000000000000000000000000000000000000000000000000000 -9500163104732202994703990100641732740532970782618993250851575552187246571222523433173814769277568865191455040490745039411446288124482349126135871168535965148061610146618004612738329931605824658578582887637905161397693887396274302647730113889984626613928826463392425440736887473791588399088059061161677328614631/10000000000000000000000000000000000000000000000000000000000000000000000000000000000000000000000000000000000000000000000000000000000000000000000000000000000000000000000000000000000000000000000000000000000000000000000000000000000000000000000000000000000000000000000000000000000000000000000000000000000000000000000
7159773206524879581169796737014230784663202656230643321049114502531771608160660184942357887295266916449385440852934177665057859211339287090877648163777722654586789778707745457244690195377563827875523412810222287485148029413511151347018173082659097534704648463529048039712125146081580263767546309221977855987279/10000000000000000000000000000000000000000000000000000000000000000000000000000000000000000000000000000000000000000000000000000000000000000000000000000000000000000000000000000000000000000000000000000000000000000000000000000000000000000000000000000000000000000000000000000000000000000000000000000000000000000000000 8763080206212366308935815030915980297947186342816052433214997305468422940640184643682239175663409753251464762727302863370548153305249830416891489602792094085898184946479716865321065391685268014799494141899729873646775965361370158176893420346501228096905567058609446792782713098538018472231787795002967308734499/10000000000000000000000000000000000000000000000000000000000000000000000000000000000000000000000000000000000000000000000000000000000000000000000000000000000000000000000000000000000000000000000000000000000000000000000000000000000000000000000000000000000000000000000000000000000000000000000000000000000000000000000
0 0
0 0
0 0
0 0
0 0
0 0
0 0
0 0
0 0
0 0
166950974408660583376366721694425995532855835356314564160942105338042258149278317816098533968269961875181356660052350541885738510813580646458109268146293514404468874189336333725880290949938145166379214462831731138137350070003479561637311392292868817804972582851443325115969507504770821873507576839088815255657/250000000000000000000000000000000000000000000000000000000000000000000000000000000000000000000000000000000000000000000000000000000000000000000000000000000000000000000000000000000000000000000000000000000000000000000000000000000000000000000000000000000000000000000000000000000000000000000000000000000000000000000 613770900226005311992543660879265743121938518521416454428191098110207797202401380620874443070965134363217636296871938286871562574331022725759843482776515581724088226882285445098717403880075958512337092509343529261000192215116194148301865185269932513985614564907755291761293410522239755782072698029118260478417/2000000000000000000000000000000000000000000000000000000000000000000000000000000000000000000000000000000000000000000000000000000000000000000000000000000000000000000000000000000000000000000000000000000000000000000000000000000000000000000000000000000000000000000000000000000000000000000000000000000000000000000000
-577413927565280484015595512224788709142957834575470710673145063982673539659974376455240243989528906882612980906600642892049416480795365460704152413377708759022951262132021187147561145940208166000362962040268835012760999258043794866363813797582355279877670626782464618508768176836495554341715580400774339580361/1000000000000000000000000000000000000000000000000000000000000000000000000000000000000000000000000000000000000000000000000000000000000000000000000000000000000000000000000000000000000000000000000000000000000000000000000000000000000000000000000000000000000000000000000000000000000000000000000000000000000000000000 7644584233294295522369671088251620717267108937943323194183078229166132461225415643503705560740548276131119629218601911479881466876104879000378156399815982113894933769424384636736399281260249196201290567511047881298504200209456419764188432878628430305540993747670241649902480615362124727601551633776747019663573/10000000000000000000000000000000000000000000000000000000000000000000000000000000000000000000000000000000000000000000000000000000000000000000000000000000000000000000000000000000000000000000000000000000000000000000000000000000000000000000000000000000000000000000000000000000000000000000000000000000000000000000000
2046334876371207265350819978685586645329371758240645062267777870028044322588296590490196614083548243345676436151772482188834261703200633516391905946981598882547011357089311773295830632292230151792472898829447864598744840166411563181086137971380775217815213054597809049755490798076558252513028066310279023186419/10000000000000000000000000000000000000000000000000000000000000000000000000000000000000000000000000000000000000000000000000000000000000000000000000000000000000000000000000000000000000000000000000000000000000000000000000000000000000000000000000000000000000000000000000000000000000000000000000000000000000000000000 3605242737986693996770407121427595798590859771807002207444730504357768688503196829390674079214724645591883711299316466401418704444385421343820841193138694731196920960075979650120718924120342637397036581614868465230660634613031347382611580487522497570523459101207177297897569023579014383781096544060492360862551/5000000000000000000000000000000000000000000000000000000000000000000000000000000000000000000000000000000000000000000000000000000000000000000000000000000000000000000000000000000000000000000000000000000000000000000000000000000000000000000000000000000000000000000000000000000000000000000000000000000000000000000000
-3151143749785141732394393381203056868471876216781073760991011841342557494462153583163469638850939647045771045906676537349656102543634045776986774682967686989077112989123814596995484813514463093820307412720713602530130968411201423986446503300885662198329577479445325981330424523349453976477711114815103463220041/5000000000000000000000000000000000000000000000000000000000000000000000000000000000000000000000000000000000000000000000000000000000000000000000000000000000000000000000000000000000000000000000000000000000000000000000000000000000000000000000000000000000000000000000000000000000000000000000000000000000000000000000 1000824708489552560180098282681418669766965744165868174857156822414901060780769638988611438946323526565127499976909963804519178318542466440773166515346387018506209836061010002358935756216694441644479655043045809984555027009633910888005235703156912848519599219351731671175246483751560899608367918591833521201197/1250000000000000000000000000000000000000000000000000000000000000000000000000000000000000000000000000000000000000000000000000000000000000000000000000000000000000000000000000000000000000000000000000000000000000000000000000000000000000000000000000000000000000000000000000000000000000000000000000000000000000000000
-6029387913154440695431622945206102203820323955938954786693398436460869330893877225574880256199444283370651133464112045132552731711650671264119382724470832667452397566784942562822223515105841687633347554998282548581793051207088630604861011425608916448142267054815671191746748895027976777417376184218483678820169/10000000000000000000000000000000000000000000000000000000000000000000000000000000000000000000000000000000000000000000000000000000000000000000000000000000000000000000000000000000000000000000000000000000000000000000000000000000000000000000000000000000000000000000000000000000000000000000000000000000000000000000000 4931223954800938295737387021318808027100280253537974402500560959033231961054944861868703548651390934141967809543775909956891926088857944446426685172140975543334930551101527141572271127434210089111355636487200876498698217576163908651557021496450312866923343690631011280421175330687685913360106792850134785982947/10000000000000000000000000000000000000000000000000000000000000000000000000000000000000000000000000000000000000000000000000000000000000000000000000000000000000000000000000000000000000000000000000000000000000000000000000000000000000000000000000000000000000000000000000000000000000000000000000000000000000000000000

-1
2659523577686317878739668372438744839560044282046522061920195301304511237859570019350241509609030613674891123750789063431119456294033671261316745637574022764744852118485978831869201292184146623188470530536243789758150646010492198407491738470556693714313382126651309621332998855728172254148603642583592943837257/10000000000000000000000000000000000000000000000000000000000000000000000000000000000000000000000000000000000000000000000000000000000000000000000000000000000000000000000000000000000000000000000000000000000000000000000000000000000000000000000000000000000000000000000000000000000000000000000000000000000000000000000 -4710782858419323043297257872026278852644202325072709719650516474215362108910080239639882354467375333422769556832243148290558622521610352620377885533789391681039189363339176579995926445564891913478090321247755228574609288844040610493335526734462973144064282293722737490397538049168574301680511849051676456773653/10000000000000000000000000000000000000000000000000000000000000000000000000000000000000000000000000000000000000000000000000000000000000000000000000000000000000000000000000000000000000000000000000000000000000000000000000000000000000000000000000000000000000000000000000000000000000000000000000000000000000000000000
0 0

0 0

0 0

