1                                                

0.100000000000000000000e1 0.000000000000000000000e0
0.786293092044062074785e0 -0.210918595580925200607e0
0.333015543826352016935e-1 -0.324562325683256617723e0
0.211302249124968300113e0 0.558120994305246469474e0
-0.603232105446598895402e0 -0.307875832973472295822e0
0.100000000000000000000e1 0.000000000000000000000e0
0.248398135366606385950e0 0.366024291617046957113e0
0.697490329895349444537e0 0.238235043590464567865e0
0.540569712578619200204e0 -0.158637026479453306706e0
-0.687302780540802789691e0 -0.547003433762915786218e0

