5
0
0
52
-8.310438258854164e-02 5.712062300439257e-01
-1.114721988613197e-01 -4.613416401093242e-01
-5.374477586603944e-02 4.859791814413659e-01
5.875418283315325e-01 -2.196409483555172e-01
-7.708677446371937e-17 -2.946319403729358e-17
7.850462293418876e-17
7.415526277584304e+00
9.644667205965187e-17
3.906250000000000e-04
3.102593534923962e-13
0.000000000000000e+00
1
1
-1

2 0
2 5
-983953501967999470350205648258302143240346360600730127634385864483798420412419478091367564206571371662646683888868130987859127351517318235020921988932409543951360716293562757152672050012891687316789287135859224504427156740511535266551977485594153650436156360215948720150736456683810904627375313235854906342931/5000000000000000000000000000000000000000000000000000000000000000000000000000000000000000000000000000000000000000000000000000000000000000000000000000000000000000000000000000000000000000000000000000000000000000000000000000000000000000000000000000000000000000000000000000000000000000000000000000000000000000000000 -9767291879026065032003393189214381761644135186840760130617103811670956721571360457087397428989066133532512613285322621194907114876436003599237381179623232450295365914809827300393471261289452849472944677856068553302951490294804915935583231710697703936679362814778485381165503510034689960968098013007885429468779/10000000000000000000000000000000000000000000000000000000000000000000000000000000000000000000000000000000000000000000000000000000000000000000000000000000000000000000000000000000000000000000000000000000000000000000000000000000000000000000000000000000000000000000000000000000000000000000000000000000000000000000000
0 0
-1610456165219555152662834136432954193151555936674781531783650980203836728424243661939786852692952584133286678085282513388816715083268571909719518316807926718736360672656550767479890067160658160173201866159200417707686821297920293718217495746894558341605915260434827804375298557956918516520065828449100917372001/50000000000000000000000000000000000000000000000000000000000000000000000000000000000000000000000000000000000000000000000000000000000000000000000000000000000000000000000000000000000000000000000000000000000000000000000000000000000000000000000000000000000000000000000000000000000000000000000000000000000000000000000 -8724673344617962951570741675027366291046421064828912034212076646088179336158795791613893248962487007208230038287561453621821744842189687785943837750896264583207619216323099239299539785733819132320102869832476065994833071849052319685530875248341835342673158190300118498513482901923615493192912631305979805940009/10000000000000000000000000000000000000000000000000000000000000000000000000000000000000000000000000000000000000000000000000000000000000000000000000000000000000000000000000000000000000000000000000000000000000000000000000000000000000000000000000000000000000000000000000000000000000000000000000000000000000000000000
0 0
0 0
0 0
77446084947194735348479079941491049960044656960719307805915358065154008047831162408296611527396984581309302246714443779840081138594592333087952538257672376580065724100561328457806556114789748954157898065089463238758803742940140665648492498938820752896703179520370677511698919436556889224425498114731809666489/400000000000000000000000000000000000000000000000000000000000000000000000000000000000000000000000000000000000000000000000000000000000000000000000000000000000000000000000000000000000000000000000000000000000000000000000000000000000000000000000000000000000000000000000000000000000000000000000000000000000000000000 8812928649900914879694782203619629499053570206254177618698035793082945760745599126108762093974886306422750673543040952386817960006356833721402029178429452647534810704643012648286261210967914730395784489133297017688597625644429480009854294134013850022749985188362555719208039579695684046420412768282035091249909/10000000000000000000000000000000000000000000000000000000000000000000000000000000000000000000000000000000000000000000000000000000000000000000000000000000000000000000000000000000000000000000000000000000000000000000000000000000000000000000000000000000000000000000000000000000000000000000000000000000000000000000000
0 0
4068460228437330552570900531909769873998882924143191592985580016620479962965728381760775859079134763256861904466086353661122175354844304730719818848052531016443758771418805858327259529079269573706386011580522957010941759179638363661228387153150558233269516767318954857143130082579049331141775592947284227883833/5000000000000000000000000000000000000000000000000000000000000000000000000000000000000000000000000000000000000000000000000000000000000000000000000000000000000000000000000000000000000000000000000000000000000000000000000000000000000000000000000000000000000000000000000000000000000000000000000000000000000000000000 3117075993972068673468712188330705179034897566088029348611570292393394703547872824512778764943759271042573201467365478350202347422466916967599875501282232480831215156623258623987930293938900357104039653324180128258055988360116140279730740385191894325023128300448156406543637675556019495420614049188764918214389/5000000000000000000000000000000000000000000000000000000000000000000000000000000000000000000000000000000000000000000000000000000000000000000000000000000000000000000000000000000000000000000000000000000000000000000000000000000000000000000000000000000000000000000000000000000000000000000000000000000000000000000000
-3432398618331634293938137354990489792397147726241388961482122008229499308373321034377938525235958192675357422868155892223095624532275857970883689806045044764739797625924109990061557874430172764121490446983339320413581241896162778101802271180112082420372083662236594353588406065294578843554304509756426077095193/10000000000000000000000000000000000000000000000000000000000000000000000000000000000000000000000000000000000000000000000000000000000000000000000000000000000000000000000000000000000000000000000000000000000000000000000000000000000000000000000000000000000000000000000000000000000000000000000000000000000000000000000 -5326350721934481796500388599429953314595509924471039148532647793549536253833438003210567843279840738713434988848670306045830694395635006131140461968945289915878856650665028833195649166819763104116573234742186933815912396001335961655629753442504488553781129862956679633403412347314064232405952118062025466574767/10000000000000000000000000000000000000000000000000000000000000000000000000000000000000000000000000000000000000000000000000000000000000000000000000000000000000000000000000000000000000000000000000000000000000000000000000000000000000000000000000000000000000000000000000000000000000000000000000000000000000000000000

-1
4606546955028337403208691955909679788635070752755966620845477562130739861120899348490613130669790739198329045026971741828429431929587093826844759183370121290020076509254178036664969592538665998869882644225041729951218974043987405051766592487534717335698781316300026802347409243920880119671581200892429612016101/5000000000000000000000000000000000000000000000000000000000000000000000000000000000000000000000000000000000000000000000000000000000000000000000000000000000000000000000000000000000000000000000000000000000000000000000000000000000000000000000000000000000000000000000000000000000000000000000000000000000000000000000 364858547274118312653503746778843412895533998819038527591704798264680208053782868403625761928853740198986026522910884245478084656219635994932151435781814783049861611398149578290060002253688740807421878979245820427127780153086146044137355423678644922836319249867946564117192316808525160198117041654082126630699/1250000000000000000000000000000000000000000000000000000000000000000000000000000000000000000000000000000000000000000000000000000000000000000000000000000000000000000000000000000000000000000000000000000000000000000000000000000000000000000000000000000000000000000000000000000000000000000000000000000000000000000000
0 0

0 0

0 0

