6
0
0
52
1.311453846218137e+00 7.666115843379560e-01
-5.469659932851404e-01 -6.883055130174027e-01
7.127717902051910e-01 -2.759431021464490e-01
2.129277518924546e-01 -3.270078642442093e-01
2.484164924325725e-01 -8.593391573892206e-01
-6.004269148038999e-01 -4.420610405799329e-01
1.241267076623637e-16
3.358834233016481e+00
2.967750996076749e-16
3.906250000000000e-04
7.666168367507028e-15
0.000000000000000e+00
1
1
-1

2 0
3 6
1846831427459770665756139248544271131244612716476316217993471038641646798347484107995782758995442131050355426865530647343081403614675073594952917211034946171900895984946571093168751124754390241804806307324061378019652076050919299573175224879828822506875564107713195069794416280356743986778026887797135481132171/2500000000000000000000000000000000000000000000000000000000000000000000000000000000000000000000000000000000000000000000000000000000000000000000000000000000000000000000000000000000000000000000000000000000000000000000000000000000000000000000000000000000000000000000000000000000000000000000000000000000000000000000 -300345650134951448060474402415743148965959494444751072911235586284541381107067667755082792884057777729855458711496814887384995808956420628518010649937554930034271632527599863515240336803981516604302426761805392984333142921592157322950945789211627308142970725069566523519435221114895759276179923509158201670249/2000000000000000000000000000000000000000000000000000000000000000000000000000000000000000000000000000000000000000000000000000000000000000000000000000000000000000000000000000000000000000000000000000000000000000000000000000000000000000000000000000000000000000000000000000000000000000000000000000000000000000000000
0 0
0 0
6758692950724930807115376615763479158089866310778315196045536862666041906118248531606675534595654569178466978463653231510077448506556175841044680636411680374756785532409052331548563541443365576995997025220052722898103886601500288463404502406057693962461040199754495320095025635664793266477861705718927000764561/10000000000000000000000000000000000000000000000000000000000000000000000000000000000000000000000000000000000000000000000000000000000000000000000000000000000000000000000000000000000000000000000000000000000000000000000000000000000000000000000000000000000000000000000000000000000000000000000000000000000000000000000 -1741924685760079499154896354926298240620960691811837878448283527451381933408411919193874586551670110887475752927453303544533055574108853730157287279206052990462600752381626704097332191547789353149941352980903786938799990785662887261885380626370697823319920655032259493639931331780433090066992001269040735089677/2500000000000000000000000000000000000000000000000000000000000000000000000000000000000000000000000000000000000000000000000000000000000000000000000000000000000000000000000000000000000000000000000000000000000000000000000000000000000000000000000000000000000000000000000000000000000000000000000000000000000000000000
0 0
0 0
0 0
-243729565967299264814368863336506201251472212904984292601907359719905513620987445867413553531319833576049089509761158834040223056366541087081922247891936762249851122130291484250488665592952275561896895215308073485113585233219646705543708567612343421988899641131024444736474846645735199232444078820415358204823/312500000000000000000000000000000000000000000000000000000000000000000000000000000000000000000000000000000000000000000000000000000000000000000000000000000000000000000000000000000000000000000000000000000000000000000000000000000000000000000000000000000000000000000000000000000000000000000000000000000000000000000 3894749469614236462263750886508403444985759896864240491419438002144707784711659707788775267959704970120611577627505535213512065534346818541373410213799377344944081354055319963369918200379841519643036412364692759829557843901819821008580372144008943661851033471987414306206800711812492829321449064403026586930013/100000000000000000000000000000000000000000000000000000000000000000000000000000000000000000000000000000000000000000000000000000000000000000000000000000000000000000000000000000000000000000000000000000000000000000000000000000000000000000000000000000000000000000000000000000000000000000000000000000000000000000000000
0 0
0 0
3616701534327295275047775568860559635007092026849564669927922158265501693456055699975407953208369058802682993064034280699335105589358354088725432181442269525734354947838772096756892071732011970503807502267418870132110436552524869202244399710446458762841917818611743695082529493158253015463680806591231614596959/5000000000000000000000000000000000000000000000000000000000000000000000000000000000000000000000000000000000000000000000000000000000000000000000000000000000000000000000000000000000000000000000000000000000000000000000000000000000000000000000000000000000000000000000000000000000000000000000000000000000000000000000 133425511629221695919959058345971173864675599884495438293598409355005430274854140767573644171559879686487571298734588028299074120846658194498864967582327330041319639484281402343801492012759480456960592424481558785967851709397819458290693906655476902682339550370988656776514610009449545805660384921707181986943/312500000000000000000000000000000000000000000000000000000000000000000000000000000000000000000000000000000000000000000000000000000000000000000000000000000000000000000000000000000000000000000000000000000000000000000000000000000000000000000000000000000000000000000000000000000000000000000000000000000000000000000
0 0
0 0
0 0
3516659862745674396903597312255742388110705918644904097404373655977416585669504393169537805570070409369440267101981519043513298966015865086836549566898731916794176211258744772090957854695602164043037643820417628734781466604264502339986231068107039690048726079360614477071468842633722749570598488102242772081899/5000000000000000000000000000000000000000000000000000000000000000000000000000000000000000000000000000000000000000000000000000000000000000000000000000000000000000000000000000000000000000000000000000000000000000000000000000000000000000000000000000000000000000000000000000000000000000000000000000000000000000000000 8787856118890196640518946737551529494240202581088523508152036025762605909736142989973142712945440645755028585200533955781172828735929877620610031281920180737885790883672282260223099788710411279828631042105312948256177004370379860259536439886863215640989220443180092559387044063542420017205212280970814268839287/10000000000000000000000000000000000000000000000000000000000000000000000000000000000000000000000000000000000000000000000000000000000000000000000000000000000000000000000000000000000000000000000000000000000000000000000000000000000000000000000000000000000000000000000000000000000000000000000000000000000000000000000
0 0
0 0
670532964847556113397871263627761725262210064570492654162827096576556674084512232440680624446702810248976663675410519656698660276907899794438060420708626060125280154663529562278123227804832268646657721495129471672968198625434757197792195355363654135851617368436106495639537450207978589386093135334469197544843/10000000000000000000000000000000000000000000000000000000000000000000000000000000000000000000000000000000000000000000000000000000000000000000000000000000000000000000000000000000000000000000000000000000000000000000000000000000000000000000000000000000000000000000000000000000000000000000000000000000000000000000000 6706100734372511061715091000330562912499447953337635805823031090165440415901430578262613109560633487464342189435066121117162827812599220904909896737054921734687867607407073105602890113178395305104804757898724179498344144944048373635463105275190803156767711682757570878360395346758694182368440246111698058267803/10000000000000000000000000000000000000000000000000000000000000000000000000000000000000000000000000000000000000000000000000000000000000000000000000000000000000000000000000000000000000000000000000000000000000000000000000000000000000000000000000000000000000000000000000000000000000000000000000000000000000000000000

-1
7436769259119057316601479644039982344355881807714858784974192652502979139135133331607003447109656183158017483382211135214069146708764323093614873566286186496866439496280351474515511128875052709569885377745146179728973714872911240067413046122738434029282451023946515755383658281056817174258261701419803045960377/10000000000000000000000000000000000000000000000000000000000000000000000000000000000000000000000000000000000000000000000000000000000000000000000000000000000000000000000000000000000000000000000000000000000000000000000000000000000000000000000000000000000000000000000000000000000000000000000000000000000000000000000 7456636189416671028733804356919388105102796320041061482257273755513872512153524640486162169655085124000477629097423904874976723145954150753071480110989085126726000020722588582858313198692862379115581938464483261204481615618692694301323051679051741922018580890775491990511790552905278574899334108080553327538991/100000000000000000000000000000000000000000000000000000000000000000000000000000000000000000000000000000000000000000000000000000000000000000000000000000000000000000000000000000000000000000000000000000000000000000000000000000000000000000000000000000000000000000000000000000000000000000000000000000000000000000000000
0 0

0 0

0 0

