1                                                

0.351583111040072577703691614181e-18 0.201939740911413242075791943778e-18
0.100000000000000000000000000000e1 0.000000000000000000000000000000e0
0.498539595429319789702904936321e0 -0.481491500877329610603737696956e0
0.730711111582224337611077747837e-1 0.729413823231372013346375867089e0
-0.586753833630454658360492700044e0 0.197956532982469742870729989979e0
-0.213864943954373452210046986640e-18 -0.194134055382286211108982799325e-19
0.100000000000000000000000000000e1 0.000000000000000000000000000000e0
0.410437653650682474648516625051e-19 -0.655836951634042687108211025628e-19
0.292710801128752162892535279132e0 -0.924947074987189976547241979326e0
0.722262067253064691513612954776e-20 0.127668016959550261165025587035e-18

