1                                                

0.216706324636144717096e0 -0.666538647002591069443e0
0.100000000000000000000e1 0.000000000000000000000e0
0.296404547753928467979e0 0.150587031959324563367e0
0.730711111582224341024e-1 0.729413823231372012920e0
-0.270882647445650011689e0 -0.321882916071197658191e0
0.644284735558969990797e-1 0.976505670817372432803e0
0.100000000000000000000e1 0.000000000000000000000e0
0.397372339006059424078e0 -0.210809151332833407820e0
0.491706806202933388800e0 -0.122583057830502667380e0
-0.137386663479497720867e0 -0.163180263774044240593e0

