1

0
-0.564607601386654966470e0 0.481990799802938952857e0
0.100000000000000000000e1 0.000000000000000000000e0
-0.225851371338341584295e0 0.232557374356344915176e0
0.730711111582224340482e-1 0.729413823231372012920e0
-0.217789629478118537819e0 -0.171937329491713834857e0
-0.173480005855398839820e0 -0.867303793390792959360e0
-0.165621860587404545833e-1 0.598334650632096644134e0
0.100000000000000000000e1 0.000000000000000000000e0
-0.746844658721871350341e-2 -0.177206998420091970742e0
0.103984375456928028040e-1 0.277091871299223682895e0

