1                                                

-0.512370814590382423447e0 0.575272291767106019400e0
0.100000000000000000000e1 0.000000000000000000000e0
0.485202778403789209875e0 0.367349287529831211417e0
0.730711111582224340889e-1 0.729413823231372013029e0
-0.455138180208640002566e0 -0.267163626572531280709e0
-0.165767278313266969969e0 -0.757633177098215043462e0
0.183263499936370986764e0 0.536830437135973899724e0
0.100000000000000000000e1 0.000000000000000000000e0
0.688830461980669387262e-1 0.323233124832621909707e0
0.821720243893026794396e-1 -0.538976350895170672824e0

