1

0
0.371805141028373711820e0 -0.419483676006698258853e-1
-0.382302039183269416756e0 -0.580764934268831311463e0
0.757849435383051557797e-2 -0.563003163733642011501e0
0.100000000000000000000e1 0.000000000000000000000e0
0.254641509202899022523e-1 0.450701335393165592120e0
-0.395659311723110399439e0 0.822277615712276373759e0
0.886909162123908962713e-1 -0.542543085650730223275e-1
-0.872617704349673683142e-1 0.231253014309969385362e0
0.147181044663990919804e0 -0.925738249525106699628e0
0.100000000000000000000e1 0.000000000000000000000e0

