1                                                

0.665133527850425336709e0 -0.882018301643179433659e-1
0.983171332149142132310e-1 -0.268077749284968357396e0
-0.125503135389664118138e0 -0.871931670465959425857e0
0.100000000000000000000e1 0.000000000000000000000e0
0.115046031009682410929e0 0.529970409465290702065e0
0.100000000000000000000e1 0.000000000000000000000e0
0.390760317803905025453e0 -0.182802817502823285628e0
0.130844255275384895547e-1 -0.305072245249355047275e0
-0.372461883307432663475e0 -0.299987900477560080390e0
-0.133397235992719551627e0 -0.362503265486165283731e0

