1                                                

-0.658752375367111416341e0 0.455125738888465355628e0
-0.142492119850511998798e0 -0.859022347171965575704e0
0.100000000000000000000e1 0.000000000000000000000e0
0.616170716963122862807e0 -0.166705439338104673537e0
0.466956923401475793402e0 0.614398195654880247408e0
-0.554849760594859493757e-1 -0.970213548107995413456e0
-0.483313260397664279535e0 -0.454304214156116043178e0
0.228843388512098508820e0 0.319994152717531587658e0
0.100000000000000000000e1 0.000000000000000000000e0
-0.125333373449258267545e0 0.540662182260878627677e0

