1                                                

-0.597137709830620213322e0 0.461976527451395600706e0
0.100000000000000000000e1 0.000000000000000000000e0
0.181265442687013148794e-1 0.130918013538880147878e0
0.730711111582224341295e-1 0.729413823231372012920e0
-0.312985741760866664415e0 -0.173316936088471610543e0
-0.206957338373061877661e0 -0.940821647762903337671e0
-0.875823426904448521543e-1 0.682371977978374886532e0
0.100000000000000000000e1 0.000000000000000000000e0
0.104329990166054329819e0 0.974388230322462596036e-2
-0.142527382505106063897e0 0.319671325568288582005e-3

