1                                                

0.227250897711419213228792067625e-19 0.124984220526692155317468017588e-18
0.100000000000000000000000000000e1 0.000000000000000000000000000000e0
-0.356453983123127281163375975262e0 0.813346430850878544313329703676e0
0.730711111582224343957304937247e-1 0.729413823231372013522369501051e0
0.810922822080111485794232768670e-1 -0.322766876158040584548380454259e0
0.496655234238841427520235247612e-19 -0.306616447258188872764300591070e-19
0.100000000000000000000000000000e1 0.000000000000000000000000000000e0
-0.730457313920552859260943371855e-20 0.715598657786169059301019255154e-21
-0.292710801128752162685818447222e0 0.924947074987189976783263643689e0
0.122625435322928154028355663261e-19 0.138835132538856098248018031245e-20

