1                                                

0.250631201720525640688e0 -0.831551612481976780314e0
0.100000000000000000000e1 0.000000000000000000000e0
-0.839426297774787085262e0 -0.507738665419938723809e-1
0.730711111582224340618e-1 0.729413823231372012974e0
0.363493649359764999554e0 -0.673905443137283101276e-1
0.243001794242973833131e0 0.941832428713953190009e0
0.100000000000000000000e1 0.000000000000000000000e0
0.593133237967847279652e0 -0.587252271867815857809e0
-0.867850422668729196835e0 0.658503258388527819680e-1
0.498819182832650525775e0 0.461848091635545469777e0

