3
0
0
52
1.219612819623461e-01 1.026574953953979e-01
-1.114602214916921e+00 -6.314907583976036e-01
3.658838458870382e-01 3.079724861861937e-01
7.982926123892077e-17
8.355540128021580e+00
3.355613474467580e-16
3.906250000000000e-04
9.805852781653154e-15
0.000000000000000e+00
1
1
-1

2 0
1 3
716617918227538971196002596171903431375700777626785083302797715015762147405323902772766977994062456358326441471692355068508881431128145218047038454734442272751745476444276047146652149431609924170300429533810080165857151876866094770579261454243538318126943875096422141987599317977754104224222785815861263326417/1000000000000000000000000000000000000000000000000000000000000000000000000000000000000000000000000000000000000000000000000000000000000000000000000000000000000000000000000000000000000000000000000000000000000000000000000000000000000000000000000000000000000000000000000000000000000000000000000000000000000000000000 -4944498807482865695052461519919572664800865101218284856540071575722119459223879028533497115805786245851752081848569648132254561236295679871672275089275074921882769110020930516506691657127030316871196245292455841840455197269413648994210098085452904270400468784244956854971452148062036552423138376287827328440403/10000000000000000000000000000000000000000000000000000000000000000000000000000000000000000000000000000000000000000000000000000000000000000000000000000000000000000000000000000000000000000000000000000000000000000000000000000000000000000000000000000000000000000000000000000000000000000000000000000000000000000000000
-4568651203986496117335286717411892886037412911692271103813411544381187564654121329077075296579631217737078871042115403560684060336427252982884449790928853302795218672161502821563248221649272371229171772021164653943481164249112771364470261636554981216762692270162708146467735961281106695136325147524302624716573/5000000000000000000000000000000000000000000000000000000000000000000000000000000000000000000000000000000000000000000000000000000000000000000000000000000000000000000000000000000000000000000000000000000000000000000000000000000000000000000000000000000000000000000000000000000000000000000000000000000000000000000000 2873787639826838432868527781320108979239917307858763221554497237494399466105718748240831982498741354030103415049813461200228206490276367475048057536355761396804167367852042581864779610597764424921211170279687495286719025366523953619262336027504782037225116053813861243100588308481655641649876733770557488248641/10000000000000000000000000000000000000000000000000000000000000000000000000000000000000000000000000000000000000000000000000000000000000000000000000000000000000000000000000000000000000000000000000000000000000000000000000000000000000000000000000000000000000000000000000000000000000000000000000000000000000000000000
-9043418169666855358740308240359424609429581021849953862066852018280571944126722278160414092217341330379140295333350592043716663245848552205262161663452015003123399073316125871530384016731208405482440931892195731643174112171194275897265613215190185514236531140038641892465995469524827006648605058068467934413263/10000000000000000000000000000000000000000000000000000000000000000000000000000000000000000000000000000000000000000000000000000000000000000000000000000000000000000000000000000000000000000000000000000000000000000000000000000000000000000000000000000000000000000000000000000000000000000000000000000000000000000000000 2337010128829782340146683357264116385860514682180241864935519060471040316423668400926838500808225191600973704629096307238942644488030376422450515323023395562349995498613436214233445821822697280278798219697000616666151780229431028853528558749495759947504845435668230634431383863246213010507384005410023282479651/100000000000000000000000000000000000000000000000000000000000000000000000000000000000000000000000000000000000000000000000000000000000000000000000000000000000000000000000000000000000000000000000000000000000000000000000000000000000000000000000000000000000000000000000000000000000000000000000000000000000000000000000

-1
-2320370107888821983231524342390781211882560410152861327483888578886348962259619344437785262237611531326195154913145034738755263523077981484704993947612469209524090301145178406130024769887460587053482494789527017692263950255041649091513324185298079419575735530103524730827614986190480548960315206952500515726127/2500000000000000000000000000000000000000000000000000000000000000000000000000000000000000000000000000000000000000000000000000000000000000000000000000000000000000000000000000000000000000000000000000000000000000000000000000000000000000000000000000000000000000000000000000000000000000000000000000000000000000000000 5201027675744139107787263498212658076154142041031729731995239828339633636032465368995378673654521433726087723405559358127162389190225884275863312546595446820981357296034500013078071300175632117011262253593174574806265031301903441345187976249627241561228343271345142758970987506723106305931131759531214590696279/10000000000000000000000000000000000000000000000000000000000000000000000000000000000000000000000000000000000000000000000000000000000000000000000000000000000000000000000000000000000000000000000000000000000000000000000000000000000000000000000000000000000000000000000000000000000000000000000000000000000000000000000
0 0

0 0

0 0

