1

0
-0.571954575987862022980613708969e-19 0.597264662964557706496815781724e-19
0.100000000000000000000000000000e1 0.000000000000000000000000000000e0
0.548011893499738481850309259616e0 -0.905686873070268820868760373736e-1
-0.156947014438634045427911264079e0 0.819107750894472401068962684174e0
-0.350248458339851921179001043437e0 -0.127430033374245882334394062264e0
0.542090598659851949560098177131e-19 0.192653795277078837769371634938e-19
0.855540156929653299606881251160e-20 -0.819343894513886624290108652123e-20
0.100000000000000000000000000000e1 0.000000000000000000000000000000e0
0.368033194584760843084963131181e-20 -0.120100422942335526475502599381e-19
-0.418964538402246317439079376959e0 -0.839780228903242572095456349446e0

