1                                                

0.322725624152710344910e0 -0.167320848898004397346e0
-0.640401810016297339770e0 -0.607723444391933384089e0
0.159537277624522323046e0 -0.306134303784810131547e0
0.100000000000000000000e1 0.000000000000000000000e0
0.296135891755683698911e-1 0.356731614241562995182e0
-0.662806232613572603152e-2 0.919587377895208354689e0
0.257616317509160302243e0 -0.195847574382946142645e0
0.100000000000000000000e1 0.000000000000000000000e0
0.835958426014072527183e-1 0.170567295124415612711e0
0.535240634490618916001e0 0.123405129612992076114e0

