1

0
0.914076184639339672240218726260e-21 0.485939213301856557766319804849e-21
0.100000000000000000000000000000e1 0.000000000000000000000000000000e0
0.874834574279605273398583687427e-1 0.517444789907110169590404903895e0
-0.723292221742582559467764391305e0 0.677952822173008400436674932848e0
-0.161094247751386689242860253178e0 -0.352949076481545360004761962179e0
-0.191761638547373829522092001379e-19 -0.210030926500155622382870257748e-20
0.100000000000000000000000000000e1 0.000000000000000000000000000000e0
-0.507844881716443647116940178200e-20 -0.528549410978075001336204104490e-20
-0.292710801128752162827114320151e0 0.924947074987189977402226704572e0
0.629820786671156724301210869917e-21 -0.443686971623291004279619964892e-20

