1                                                

0.367255038217027052541e-2 0.341666029141389597729e0
0.100000000000000000000e1 0.000000000000000000000e0
0.179273229577020019149e0 0.160944493115992228106e0
-0.567748999306328324104e0 0.794060778175759150981e0
-0.297516081174170487410e0 -0.158183721244294812455e0
-0.101889554484873901788e0 -0.711036010939424437604e0
0.100000000000000000000e1 0.000000000000000000000e0
0.334014330421695342322e0 -0.157720421425788810834e0
0.458286142406866471604e0 0.480045631922863393981e-1
-0.477548270906203267919e-1 -0.151949385488844375058e0

