1

0
0.251630710846360526160682614138e-18 -0.199876539625916863541190338990e-18
-0.417538418548269133540560326996e0 -0.553219472349896648461857306167e0
0.125695035322141131309332213545e0 -0.711811257215878510133054493724e-1
0.100000000000000000000000000000e1 0.000000000000000000000000000000e0
-0.272772503651130483491010757237e-1 0.206619146749865821346926865908e0
-0.395659311723110399453283307393e0 0.822277615712276373825822118970e0
0.886909162123908962697822178636e-1 -0.542543085650730223094377677456e-1
-0.872617704349673682936218471777e-1 0.231253014309969385383333543133e0
0.147181044663990919914022182967e0 -0.925738249525106699588390379316e0
0.100000000000000000000000000000e1 0.000000000000000000000000000000e0

