1                                                

-0.321591891577646953222e-2 0.732361095655677825920e0
0.593780739058533252035e0 -0.796759342284006090147e-1
0.100000000000000000000e1 0.000000000000000000000e0
-0.298660519118190049929e0 0.765632336157652104843e0
-0.636573034788588202281e0 -0.357089379079631747814e-1
-0.395659311723110399494e0 0.822277615712276373867e0
0.886909162123908962645e-1 -0.542543085650730223174e-1
-0.872617704349673682938e-1 0.231253014309969385389e0
0.147181044663990919858e0 -0.925738249525106699628e0
0.100000000000000000000e1 0.000000000000000000000e0

