1

0
0.2290162226012497507012875398921053056927e-20 0.3167318548049391113183139319652783761945e-20
0.5589017161973200932650474220238261125582e-21 -0.2039575631659411448699655719223025487435e-20
-0.4175384185482691325818154596479401643740e0 -0.5532194723498966480757609457084497463262e0
0.1528536670691955810761813075122039180475e-20 0.2586380667856313214081110180361604687065e-21
0.1000000000000000000000000000000000000000e1 0.0000000000000000000000000000000000000000e0
0.8388594122012321854101307084121661705142e-19 -0.1283373666566682139032499710975007157041e-19
-0.3973961975392908807937033166215337601101e0 0.5639995524151402478807577337275233461751e0
-0.3337509073859148455712425960598871508129e0 -0.7087055054909165491438768783380429916722e0
0.8028056031145660425347841165818656026465e0 -0.4912648368883423825896379452405056734392e0
0.1000000000000000000000000000000000000000e1 0.0000000000000000000000000000000000000000e0

