1                                                

0.415180404180945205863e0 -0.486463366665746065076e0
-0.841574350057079262810e0 -0.116234278828008110350e0
0.268159396551232071448e0 -0.684920552901928462552e0
0.232881168295490770492e-1 -0.622349332117228405843e0
0.100000000000000000000e1 0.000000000000000000000e0
0.878833876564156599696e0 -0.820271516519907302554e-1
-0.311173024151260375398e0 0.493756251091217132924e-1
0.181613930111872599914e0 -0.971784237912588906962e0
0.316975017306940038759e0 -0.124551652714504997529e0
0.100000000000000000000e1 0.000000000000000000000e0

