1

0
0.447656987430051220899365533031e-19 -0.324065532199222685080891007507e-19
0.100000000000000000000000000000e1 0.000000000000000000000000000000e0
0.560336471771679639409891632722e0 -0.787134470048814384055013309377e0
0.336888101694313907236145656402e0 0.618254547737698949373651218090e0
-0.368349361947166376570755811693e0 0.140810046579890706637823019426e0
0.100000000000000000000000000000e1 0.000000000000000000000000000000e0
0.590451601178319984587094305089e0 -0.255577044401780931148668229747e0
-0.107744659135402206859273176375e0 -0.412212670004434427146369483993e0
-0.141182195423581209509918058514e0 -0.578000435427050385648470174552e0
0.386480081480991044435512305652e-1 -0.114286390497614117863910953677e0

