1                                                

0.479494919871771188677e0 -0.312461709925829982473e0
0.102489610396146063339e0 0.104731022380327869050e0
0.100000000000000000000e1 0.000000000000000000000e0
0.547904201925660910703e0 0.741391345616383700377e0
-0.215331350588643918867e0 0.308514090661609815470e-1
0.617712495246523707099e0 0.532619212456952920620e0
0.768790790585386289821e0 0.606656818253939878263e0
0.356887063063841776062e0 -0.653779758773822279106e0
0.100000000000000000000e1 0.000000000000000000000e0
-0.437179730446582036357e0 0.480565545613415624906e0

