1

0
0.1125920146576682437146285884285215672007e-17 -0.2015176398104051313614535186345006325553e-18
0.5526709303759675997464122091377220775531e-18 0.3460695577344839610486867931819703470267e-18
-0.4175384185482691327421103880014605224099e0 -0.5532194723498966469199418564567202311421e0
-0.2120436402236794329321898681192338468615e-18 0.4284135034360673024294218104014844019943e-18
0.1000000000000000000000000000000000000000e1 0.0000000000000000000000000000000000000000e0
0.1634559262222137884420421699849746787821e-18 -0.3813343789321760532382245037097471528268e-18
0.3973961975392908805357514637406959857854e0 -0.5639995524151402483252751119127085476333e0
0.3337509073859148458356899154888682220508e0 0.7087055054909165490965149878215379672861e0
0.8028056031145660428525475587004354261250e0 -0.4912648368883423833507103734039714193480e0
0.1000000000000000000000000000000000000000e1 0.0000000000000000000000000000000000000000e0

