1                                                

-0.300453408762201381834e0 0.232956519761365676301e0
-0.304498378986898850365e0 -0.100221003887429855024e0
-0.641861530241778034938e0 -0.618422961654848362691e0
0.508525507151661794694e-1 -0.229428586900036189880e0
0.100000000000000000000e1 0.000000000000000000000e0
0.570980671266396634580e0 -0.804001216937937094090e0
0.100000000000000000000e1 0.000000000000000000000e0
-0.368859446124734869298e0 0.920641827344337276026e0
0.955755397885129075696e0 0.716921409837490007828e-1
0.785595764983081925063e0 0.417238758154216946505e0

