1

0.201264225940386969868e0 0.811031303721060945291e0
0.100000000000000000000e1 0.000000000000000000000e0
0.335198537740011217337e0 -0.613459587478785531441e0
0.730711111582224340753e-1 0.729413823231372012974e0
0.404736847067718226651e0 -0.550390541729984190782e0
0.100000000000000000000e1 0.000000000000000000000e0
-0.247443139269485599572e0 0.424226822861113618719e0
0.672014551671392271496e0 -0.363134724939371050768e0
0.102604565890997123634e-1 0.657868830553619535336e0
-0.809283747255613819364e0 -0.511938308667463931633e0
