1                                                

-0.430976215617876585390773935430e-19 0.315154104686717685945511313100e-18
0.254035997395395114823002083759e-18 -0.138183584255175728199556251470e-18
-0.417538418548269132738056428259e0 -0.553219472349896648058526226310e0
0.119355709149350649192141663990e-18 0.175200139905983365591142531463e-18
0.100000000000000000000000000000e1 0.000000000000000000000000000000e0
-0.451208105833358431320341066628e-18 0.908283851512695130353166290082e-19
0.397396197539290880641342089109e0 -0.563999552415140247682243393270e0
0.333750907385914845508115463050e0 0.708705505490916548945817896446e0
0.802805603114566042699397631754e0 -0.491264836888342382710169539597e0
0.100000000000000000000000000000e1 0.000000000000000000000000000000e0

