1                                                

-0.169279466874015145568e0 0.150797246932211601364e0
0.176856215961947478384e0 0.701653472543817931988e-2
-0.322839260083421575873e0 -0.453784434185769631857e0
0.780512279566050945354e-2 0.129514074635905332352e0
0.100000000000000000000e1 0.000000000000000000000e0
0.433244420072425113387e0 -0.699501550810591319588e0
-0.509140494751732758979e0 -0.676387703003990593896e0
0.100000000000000000000e1 0.000000000000000000000e0
0.201011732285601728396e0 -0.840117928104475003332e0
0.755237350454750113967e0 -0.584224084903768121652e0

