1

0
0.279484396439550235872e0 -0.324418152938591492531e0
-0.119589029524659506892e0 -0.794097960980891765448e0
-0.693894505959735892925e-1 -0.514195421397133802628e0
0.100000000000000000000e1 0.000000000000000000000e0
0.503104548584603332828e-1 0.349106140569665475122e0
0.775166110804560537278e0 -0.168178082394063737608e0
0.164031361817789486993e0 0.197057761176818249481e0
0.100000000000000000000e1 0.000000000000000000000e0
0.262940993458388570428e0 -0.476904107001158088847e-2
-0.728938517305824664112e0 -0.624439634527252246941e0

