1                                                

0.279724080317270231490e0 -0.355917159247568128198e0
-0.142859520597236553193e0 -0.730652034048630806497e0
-0.533207984230814597377e-2 -0.499124050710585233110e0
0.100000000000000000000e1 0.000000000000000000000e0
0.475217696262544621276e-1 0.331602183656708030061e0
0.625770029141197875640e0 0.401319787633588763193e0
-0.186895909405500396546e-1 0.202695155346939060527e0
-0.724472004328075217916e0 0.676232195666867715522e0
0.151238901744173671139e0 0.159071238053921702526e0
0.100000000000000000000e1 0.000000000000000000000e0

