10
0
0
64
0.257179518682950448765e0 -0.359675054345437905125e0
0.753098141758128912515e0 0.532688202394420795582e0
0.598714283446526807282e0 0.323333953164422932064e0
-0.333520420269302373995e0 0.588244313698074996143e0
-0.103512369020338466408e0 -0.313355776749266825030e0
0.619499728858734222126e0 0.935924790212904467483e0
0.239017571157640219793e0 -0.810025521907367600341e-2
0.178580706955848061643e1 0.411419918184221318854e0
0.236911110301646289398e0 -0.881168876982818376152e-1
-0.115003275593775182323e0 -0.180885788538687851434e1
6.70542011502281e-19
8.075185089619345e+02
2.42923453714368e-18
1.52587890625000e-6
1.65971487362045e-17
1.000000000000000e-01
1
1
-1

2 0
2 10
-2007448559445985765589211595421148227287442189048810394062291368451667259550787648332014751881618471795561898450348846279205783193537627058315488428768219869914192921796412828248071559215404501588216260795503996879704471566011209930657916774296683532163074014928528116046955896860406989939093011070895915332989/2500000000000000000000000000000000000000000000000000000000000000000000000000000000000000000000000000000000000000000000000000000000000000000000000000000000000000000000000000000000000000000000000000000000000000000000000000000000000000000000000000000000000000000000000000000000000000000000000000000000000000000000 4127791635144766633924958880386897974605726256012608714563347282305321146368475437796021259197795545447952267141233252184162620832109760051388321672593890606538520652182891210672973146059713844510667990949650760225255518507316979615426045085350314486414384072882546679193245702849047629218072517763563972324549/5000000000000000000000000000000000000000000000000000000000000000000000000000000000000000000000000000000000000000000000000000000000000000000000000000000000000000000000000000000000000000000000000000000000000000000000000000000000000000000000000000000000000000000000000000000000000000000000000000000000000000000000
-3624253723397161274614307968757133189534850274811956451887901645600659674132038489441772769260572368585046031502388486059868618001483781686329481872763290844389618497328126736075453977768157619004830014463798843312667294072907338087103569338422088824315355178710166911696359641080685334991910187090540530068519/5000000000000000000000000000000000000000000000000000000000000000000000000000000000000000000000000000000000000000000000000000000000000000000000000000000000000000000000000000000000000000000000000000000000000000000000000000000000000000000000000000000000000000000000000000000000000000000000000000000000000000000000 -100839464872672222278814651217367443338076672000283797917007677848098602915827398711962993274653254081506746262185438561006999748030580819797804461426201687009329303897035436651619684350757230969240175741750650773769949192830811610150002066454677398398121604769793982024564051107243772975548749470085595659799/156250000000000000000000000000000000000000000000000000000000000000000000000000000000000000000000000000000000000000000000000000000000000000000000000000000000000000000000000000000000000000000000000000000000000000000000000000000000000000000000000000000000000000000000000000000000000000000000000000000000000000000
1604770837524054725896445466722729315655822173881303102764461585681978480645672362230196363693668279387559265604422957253648174277532316273135669198427286950352273944103872353332984393842521153969770148806906304099638608601276011387367760259453645763214099326763307892356990036671950327138081466390281561358199/2500000000000000000000000000000000000000000000000000000000000000000000000000000000000000000000000000000000000000000000000000000000000000000000000000000000000000000000000000000000000000000000000000000000000000000000000000000000000000000000000000000000000000000000000000000000000000000000000000000000000000000000 -1979395455461197508035421040332690586178025997552458565074421243446381871502509560569520510189606184665331104041806784754875426336231455770799007104581923818570679671952611989716474511285043042928896949155473339340088082840109910900447961627617272129232777266726004883226903360453268894576292986771479837604387/2500000000000000000000000000000000000000000000000000000000000000000000000000000000000000000000000000000000000000000000000000000000000000000000000000000000000000000000000000000000000000000000000000000000000000000000000000000000000000000000000000000000000000000000000000000000000000000000000000000000000000000000
1861718866348562348967508134765838469539622517420080027340546009906151454633583585924180805312169954386452527159560114825825190507330165014137168954292265810065482906650954043867682064655557129762114191817879753089586944853085910550320758542921087815409539465241725165734957773071173003865140274896281043180963/2500000000000000000000000000000000000000000000000000000000000000000000000000000000000000000000000000000000000000000000000000000000000000000000000000000000000000000000000000000000000000000000000000000000000000000000000000000000000000000000000000000000000000000000000000000000000000000000000000000000000000000000 -881840002407121922750892468548483742923540185663343119558216658027259739680545937026688061631777888579473376416685791264053215925576282232804703622550483792130142720645467931697549019869381566624850477979572211946741449882899778770303552762793060540640102082036681893140729878122277490768075843902205455257517/1250000000000000000000000000000000000000000000000000000000000000000000000000000000000000000000000000000000000000000000000000000000000000000000000000000000000000000000000000000000000000000000000000000000000000000000000000000000000000000000000000000000000000000000000000000000000000000000000000000000000000000000
-1865152160459057127250130714553838602685286793346652169424779758175644611265106277546439884809476652541824854002443259266879243653711021081647385515025916713106737975555484306470436405914891535694892398689504505428010109339356066046600652474347277723378074332697373493249259574379080932602822540849702973262947/10000000000000000000000000000000000000000000000000000000000000000000000000000000000000000000000000000000000000000000000000000000000000000000000000000000000000000000000000000000000000000000000000000000000000000000000000000000000000000000000000000000000000000000000000000000000000000000000000000000000000000000000 9108767888230310188946250490346958562485352320220876860112149702019609289116984805602672051225822056436702300645086218888237559472642954296334897411424597489472220135679957103387495702563418140647058251020004726515109878038592095984682916239035446676826794590652154794649983252842445741932851765815607694779663/10000000000000000000000000000000000000000000000000000000000000000000000000000000000000000000000000000000000000000000000000000000000000000000000000000000000000000000000000000000000000000000000000000000000000000000000000000000000000000000000000000000000000000000000000000000000000000000000000000000000000000000000
0 0
0 0
0 0
0 0
0 0
0 0
0 0
0 0
0 0
0 0
3125143584328357012630378538949737904446655413569402450116215124324716790394323467589009886643295007823461310913769255786319799808669473237924620144322573096422870217641939588224853480875758025901358284438598269279247581877320759098792748656180253727035408022867420292184018449526412539149564088157733577914951/10000000000000000000000000000000000000000000000000000000000000000000000000000000000000000000000000000000000000000000000000000000000000000000000000000000000000000000000000000000000000000000000000000000000000000000000000000000000000000000000000000000000000000000000000000000000000000000000000000000000000000000000 -2287628692629882717678382807996535524796174729165406117417043721018104425439095856688553659739729146707347125598407273333762088135234612169358359717478808992385089716731754493057483924542878292881086464258083681327212079802571689127224470291063189894727004026407748536809396500116554570669551359904652266003167/2500000000000000000000000000000000000000000000000000000000000000000000000000000000000000000000000000000000000000000000000000000000000000000000000000000000000000000000000000000000000000000000000000000000000000000000000000000000000000000000000000000000000000000000000000000000000000000000000000000000000000000000
-370526510313914414405456762733081265267099312182557447275597646246864395344921931482597533759830073787793826734863152311947462120941164712122328149520233474840671471376992495423958047709574032982936514730201360665653102740036808106444204977979577085991922665119953967543409523312699351343963143932162142554171/1000000000000000000000000000000000000000000000000000000000000000000000000000000000000000000000000000000000000000000000000000000000000000000000000000000000000000000000000000000000000000000000000000000000000000000000000000000000000000000000000000000000000000000000000000000000000000000000000000000000000000000000 52970604848117759729273780212821313948894376649203730877588156107231539105389261792885119140726053548518361364953857393965775160653371150384111717144040212683974556946422957046962866919087104929968041824234509846026508715806007399075697346805934790906944613939866644796960322806695840736952353766028528502987/80000000000000000000000000000000000000000000000000000000000000000000000000000000000000000000000000000000000000000000000000000000000000000000000000000000000000000000000000000000000000000000000000000000000000000000000000000000000000000000000000000000000000000000000000000000000000000000000000000000000000000000
486187103708366353291674751013419948292049226787515457500586584075039581205552132078648942608266418532248118043274105822513726448893096676429466648598417826814143734255104343663657848784039972273270311192583266275382701193408129893932051384389997351021769968952159943015354350174023069198708135169878418902439/500000000000000000000000000000000000000000000000000000000000000000000000000000000000000000000000000000000000000000000000000000000000000000000000000000000000000000000000000000000000000000000000000000000000000000000000000000000000000000000000000000000000000000000000000000000000000000000000000000000000000000000 310149609904621068605925306052858912700232973422630387648870814813336884146624298163725222306426934715258999331082692676576546895272822617643494681892447753930552597591430521618514081141088272159416368878810861133848334924771585857631477818067273947557418203715355231424240979298031266240223546450728688370151/31250000000000000000000000000000000000000000000000000000000000000000000000000000000000000000000000000000000000000000000000000000000000000000000000000000000000000000000000000000000000000000000000000000000000000000000000000000000000000000000000000000000000000000000000000000000000000000000000000000000000000000000
3196557363931220001172931651213302490575152740381658646121267423242351441357733681098078603822704360503095772670906386842200083197992136161231103482827323582681051560216606125782908795117252620411117697790041290258137952884375067400143076022729980124163904386547392121033406691638095737776394914988937049736109/50000000000000000000000000000000000000000000000000000000000000000000000000000000000000000000000000000000000000000000000000000000000000000000000000000000000000000000000000000000000000000000000000000000000000000000000000000000000000000000000000000000000000000000000000000000000000000000000000000000000000000000000 8290005151964916310992488003625468814956812787126733936878356621899419619479842135457720693193158627136666567676126783068406812766540810839664226458888146151487648626279299086373967886981177035569502189802220229777385387577661750735274617100064995470330826681698013016646418272104811120281207719834671466242121/10000000000000000000000000000000000000000000000000000000000000000000000000000000000000000000000000000000000000000000000000000000000000000000000000000000000000000000000000000000000000000000000000000000000000000000000000000000000000000000000000000000000000000000000000000000000000000000000000000000000000000000000
3353551791586346502962540126223744805281543683721168763411001725218869466028639366912870985219145577498350577462715706594970657330201985717365984120740509762991674616922916390933199045641756387202110768242971252807130175886363655916622969595796824006155397624010942773506328908115777038915972991635522916457917/10000000000000000000000000000000000000000000000000000000000000000000000000000000000000000000000000000000000000000000000000000000000000000000000000000000000000000000000000000000000000000000000000000000000000000000000000000000000000000000000000000000000000000000000000000000000000000000000000000000000000000000000 -4834101427223930238753362952307227161000132202908094147656367998896173523812267843813771924145574178703842980279367947370412892776092807794780045532955011677936864162497726809346699499450131700156994769223345938229368207621063955199117500834443855112047671441985463003113336100136273834594432922342574820720661/5000000000000000000000000000000000000000000000000000000000000000000000000000000000000000000000000000000000000000000000000000000000000000000000000000000000000000000000000000000000000000000000000000000000000000000000000000000000000000000000000000000000000000000000000000000000000000000000000000000000000000000000

-1
4733440383931619592397158025847084568650729818445595151671682850965513258305694828893442183690182393072150440909296954414591755488892152141154510204999673794007904371456634272709001080237382187530161702158882104093031507063821376639851184275911011343589433339539629344199351705693316809091673616100141363648271/5000000000000000000000000000000000000000000000000000000000000000000000000000000000000000000000000000000000000000000000000000000000000000000000000000000000000000000000000000000000000000000000000000000000000000000000000000000000000000000000000000000000000000000000000000000000000000000000000000000000000000000000 -4059871731416035997476842043733401211601432403773651667028748526250211725828422980879028638550121249308310093277562547395732422588721458673601490432400067412005461545708743722094134989341541153979747054046898137263942477276042881788219398377016589718331883965484709505224378637371008310832496194134354618320433/10000000000000000000000000000000000000000000000000000000000000000000000000000000000000000000000000000000000000000000000000000000000000000000000000000000000000000000000000000000000000000000000000000000000000000000000000000000000000000000000000000000000000000000000000000000000000000000000000000000000000000000000
0 0

0 0

0 0

