1                                                

-0.532500547833759885913e0 0.355606534470914976916e0
0.100000000000000000000e1 0.000000000000000000000e0
0.121166098346903918439e0 -0.513217054989289914256e0
-0.362980158269545656130e0 0.361269997627271959977e0
-0.383086182145795847888e0 -0.436822005320067482877e-1
0.181748858380897195653e0 0.834514224941699735106e0
0.208684404314133463431e0 -0.131685599696614713609e0
-0.758145197362954508479e0 0.641801537505150471001e0
0.284237193824069304352e-1 -0.263940153682076008652e0
0.100000000000000000000e1 0.000000000000000000000e0

