1

0
0.549743811234704091531e0 -0.268597899145647244656e-1
-0.375143508702993181173e0 -0.270856686847396210263e0
0.963255933938456326111e-1 -0.623227424145016642529e0
0.100000000000000000000e1 0.000000000000000000000e0
0.622462777183719311990e-1 0.480532966949019656259e0
-0.308574642086519340955e-18 0.104736314157546930378e-18
0.397396197539290880465e0 -0.563999552415140247073e0
-0.333750907385914844628e0 -0.708705505490916549797e0
-0.802805603114566042311e0 0.491264836888342382875e0
0.100000000000000000000e1 0.000000000000000000000e0

