1                                                

0.475164626264883559626e0 0.895631426205531112357e-1
-0.557778305970870624635e0 -0.261339703601708453213e0
0.175622404884409755537e0 -0.604673048680186872735e0
0.100000000000000000000e1 0.000000000000000000000e0
0.135609346591439619659e-1 0.497382244583822115462e0
0.295996377716188908112e0 0.547520066017863656267e0
0.714167328706792771788e0 -0.227548119767671141143e0
0.359167023510383852459e-1 -0.916964087147501917270e0
-0.810617687273154994296e0 0.323662262726891766069e0
0.100000000000000000000e1 0.000000000000000000000e0

