1                                                

0.100000000000000000000e1 0.000000000000000000000e0
-0.887188276073039243982e0 -0.442607110883310271110e0
0.348416875658747927805e-1 0.460869584220687687602e0
0.258015911799582366675e0 -0.679469185775259566762e0
0.281105917812688220096e0 0.172437606481045098612e0
-0.781137481104812464320e0 0.539051037665255176174e0
0.100000000000000000000e1 0.000000000000000000000e0
0.347672394432258051564e0 -0.815498737779493476456e0
-0.386247068519541016151e0 -0.830883968748093120588e0
-0.104111617797085333008e-3 0.760126318507315695513e0

