1

0.100000000000000000000e1 0.000000000000000000000e0
0.649076942298445404831e0 0.749235955030147359238e0
-0.756765957646795038252e-1 -0.676959904406299716725e-1
-0.499074289060019263633e0 0.528193197806982550906e0
0.168245576627802195072e0 0.834307037868781522968e-1
0.100000000000000000000e1 0.000000000000000000000e0
0.153410993387841014282e0 0.866807778266698163139e0
-0.593669452563325952832e0 -0.420856468759918151627e0
-0.904966917452479117305e-1 0.196464922856534438552e-1
-0.587036964955632593812e-1 -0.410600830554271833646e-1
