1                                                

0.150983182714949165941933983440e-19 0.831141117898355404848779413739e-19
0.100000000000000000000000000000e1 0.000000000000000000000000000000e0
-0.356453983123127280813897683007e0 0.813346430850878543248617268741e0
0.730711111582224340205864910205e-1 0.729413823231372013074498693829e0
0.810922822080111486405134194789e-1 -0.322766876158040584411304220110e0
-0.640614568069974144873393538336e-19 0.554178903781154332089377639467e-19
0.100000000000000000000000000000e1 0.000000000000000000000000000000e0
0.425554018860807607906744910285e-19 -0.622206459375830479154672756854e-19
-0.292710801128752162329702687268e0 0.924947074987189976599792559396e0
0.603199659099261314988012895307e-19 -0.181671381958067473994755277736e-19

