1                                                

0.100000000000000000000e1 0.000000000000000000000e0
-0.561919574191694611801e0 -0.542017654032147704025e0
0.296142601241243121529e0 -0.847085341938689660908e0
0.354295081618745602347e0 -0.449477737207210579633e0
0.345351336929751284559e-2 0.574354065160303998592e0
0.433244420072425113252e0 -0.699501550810591319533e0
-0.509140494751732759033e0 -0.676387703003990593841e0
0.100000000000000000000e1 0.000000000000000000000e0
0.201011732285601728409e0 -0.840117928104475003332e0
0.755237350454750113913e0 -0.584224084903768121652e0

