1                                                

-0.145175238660184800079611013331e-21 0.695499725203110857273574809050e-22
-0.804189910020259910660312144434e0 -0.534693205951583511664135956146e0
0.425413649240814188688642991423e0 -0.448598364726229123423584494944e0
0.100000000000000000000000000000e1 0.000000000000000000000000000000e0
-0.143339568078158766021262057730e0 0.360262342689639341394059945573e0
0.659553761465708479543772167562e-20 0.180233932620936069922045633282e-19
-0.378636260055621582099029063756e-20 0.125368886151880886537985424381e-21
0.100000000000000000000000000000e1 0.000000000000000000000000000000e0
0.354430319285059473150782474038e-20 -0.196608991729508270575425164381e-20
0.418964538402246317103858529060e0 0.839780228903242572087965818880e0

