1                                                

-0.440624682264425598189e-1 -0.306985149584110195891e0
0.100000000000000000000e1 0.000000000000000000000e0
-0.209159572856792783839e0 0.723204082194836947190e0
-0.865645148259994966873e0 0.373608942353411755506e0
0.349001906983444829647e-1 -0.491001710998321204036e0
-0.173424649467335878074e0 -0.416206066851340956406e0
-0.777952174010399500584e-2 -0.811359485454607756401e-1
0.100000000000000000000e1 0.000000000000000000000e0
0.406257925685102855607e-1 0.657052656803003566656e-1
0.366409694197020720458e0 0.807672079164432562843e0

