1                                                

0.920204322639289357577e0 -0.156540308070830252877e0
0.100000000000000000000e1 0.000000000000000000000e0
-0.530702737771320896310e-2 0.296677384601438406616e-1
0.730711111582224340618e-1 0.729413823231372012920e0
0.652509079132316980196e-1 0.656311804902680925918e-1
0.100000000000000000000e1 0.000000000000000000000e0
0.272177271604009341378e0 0.192192837518364718116e0
0.439729849624897553816e0 0.622185646630720215716e0
-0.317834763155515952359e-1 0.263909160661808458918e-1
0.278034188747047439905e-1 0.839118832952283250057e-1

