1                                                

0.713929576311318073243e0 -0.967785574655255521136e-1
0.100000000000000000000e1 0.000000000000000000000e0
-0.461805664771472677663e-2 0.515659447212849096696e0
-0.385514704090639873281e0 0.828389798761313832080e0
0.226354317590818766392e-1 -0.168789671352432302332e0
0.100000000000000000000e1 0.000000000000000000000e0
0.262483682775832321741e0 0.316881818487630831030e0
0.586030590520419554122e0 0.505588302464452377777e0
-0.364576932364771412985e0 0.263210148142924401624e0
0.545395402286824978761e0 0.573592599723076301821e0

