1                                                

0.201264225940386969814e0 0.811031303721060945291e0
0.100000000000000000000e1 0.000000000000000000000e0
0.618192123830746214285e0 -0.188923518977867454626e0
0.730711111582224340889e-1 0.729413823231372012920e0
-0.330129052078391139888e0 -0.593485842013818825735e0
0.100000000000000000000e1 0.000000000000000000000e0
-0.247443139269485599599e0 0.424226822861113618611e0
0.672014551671392271551e0 -0.363134724939371050768e0
0.102604565890997122415e-1 0.657868830553619535228e0
-0.809283747255613819364e0 -0.511938308667463931633e0

