1                                                

-0.194451856780332212450573903747e-21 0.652512050056250876011982521014e-22
0.610841953811801772725250066979e-21 -0.186509844085608758524693413444e-21
-0.417538418548269132893712972512e0 -0.553219472349896647919235895071e0
-0.369681401021347843215538444609e-21 0.609307237774929319747854172887e-21
0.100000000000000000000000000000e1 0.000000000000000000000000000000e0
0.211153684948923871781781748586e0 0.475426936228524613174502160758e0
0.409684682106553803115649248473e0 0.606146015513687312416552567285e0
-0.910308429100682692062617921693e-1 -0.105507760201073447059802924093e0
0.100000000000000000000000000000e1 0.000000000000000000000000000000e0
0.151728974854464727741497423196e-1 0.177591423984340759547931967875e0

