1                                                

0.131410028540492941718e0 -0.216744263217743224977e0
-0.438981721728231116250e0 0.672724557579011576828e0
-0.750941040078545432910e-1 -0.550642524107986947686e0
-0.127053597637788287132e0 -0.878251665526297754989e0
0.100000000000000000000e1 0.000000000000000000000e0
0.211153684948923871828e0 0.475426936228524613283e0
0.409684682106553803180e0 0.606146015513687312496e0
-0.910308429100682691752e-1 -0.105507760201073447058e0
0.100000000000000000000e1 0.000000000000000000000e0
0.151728974854464727560e-1 0.177591423984340759514e0

