1

0
0.137429824745768531464402682771e-19 0.357318255873451704549167089423e-19
0.100000000000000000000000000000e1 0.000000000000000000000000000000e0
-0.224804924059300477018407663820e-1 0.670089947845404837916482798196e0
0.730711111582224339417713200089e-1 0.729413823231372013274308107699e0
-0.797800054693858296449977997129e0 0.490915999209140419530818758131e0
0.330399626398073080551608112640e-19 0.929367023928883727142162411813e-19
0.160920901057663597420169052430e-19 -0.160499901710163791242442405385e-19
0.100000000000000000000000000000e1 0.000000000000000000000000000000e0
-0.665766710975526004578421355420e-20 0.103148471706621002274890484334e-19
0.418964538402246317853175183486e0 0.839780228903242572917053886727e0

