1                                                

-0.640699363620470231108e0 0.492720863491734779275e0
-0.238651864301580625909e0 -0.965992596417665701800e0
0.100000000000000000000e1 0.000000000000000000000e0
0.687169796061711481508e0 -0.244662121152365664311e0
0.469917856193509487941e0 0.748965421663920787607e0
-0.624136466195899869836e0 0.649946990316542293242e0
0.227531645175685518574e0 0.316692478918714899212e0
0.438977577811310738039e0 -0.709351260519807967999e0
-0.467284607206701211484e0 -0.176603668695253898397e0
0.100000000000000000000e1 0.000000000000000000000e0

