1

-0.812049824735207535754e0 -0.333095569516918721680e0
0.102174143203707586514e-23 0.428863413624045688851e-23
-0.498587211002316915280e0 -0.113084771100392483097e0
-0.260303290390846772846e-23 0.323947880949268216858e-24
0.100000000000000000000e1 0.000000000000000000000e0
0.100000000000000000000e1 0.000000000000000000000e0
-0.212616984605903891969e-23 0.132996636261487987979e-23
0.184754168089048711264e-23 -0.801618058510603770205e-24
0.335186689368740007585e0 -0.200007971039487421455e0
0.779314455079804374593e-1 -0.445931885883090287277e0
