1

0.100000000000000000000e1 0.000000000000000000000e0
0.695811123356971803333e-23 -0.162767481521766187412e-23
0.708122025985752334405e-1 0.620384803914488885197e0
-0.325472849992010379054e-23 0.706627901030834342259e-23
0.210791040891964815183e0 -0.164372823601389453715e-1
0.334400840376356173634e0 -0.662327459740131164047e0
0.174276153161048316809e-23 -0.880514730984919444362e-24
0.204451958844336324752e-23 -0.170380298779011637879e-23
-0.151638088325757541689e0 0.769192222255958461558e0
0.100000000000000000000e1 0.000000000000000000000e0
