10
0
0
64
-0.126133674337301159073e1 -0.413542987510605142351e-1
0.977660326454995160007e-401 0.450502207180368986164e-401
-0.760233073418938991111e0 -0.806537134075690876592e0
-0.156431204501763818095e-400 0.977651187478662833557e-401
0.346211051062265099234e0 -0.790140084463477818544e0
-0.314906130752631654404e0 0.429367074848326072843e0
0.244458242264544372983e-402 0.488907296534766227840e-402
0.733355293527224840211e-402 0.427756274664972146098e-402
0.242218388643324634930e0 -0.539925863515575819201e0
-0.781005841373293984505e0 -0.866629929337957439481e-1
1.95457326293297e-19
1.004002826108673e+02
1.05473741260924e-19
2.44140625000000e-5
1.44107405837448e-17
1.000000000000000e-01
1
1
-1

2 0
2 10
-1456878804901184553491678818612486008921363729819079918269143233806882167561715896475350284645384626661215767032186233553487634748371902183015354579026951546799967713090593739863247759903886119984342896327458514641835731875024434720948615987817085096093040512695320332437798240491852393150437731045899346452683/2000000000000000000000000000000000000000000000000000000000000000000000000000000000000000000000000000000000000000000000000000000000000000000000000000000000000000000000000000000000000000000000000000000000000000000000000000000000000000000000000000000000000000000000000000000000000000000000000000000000000000000000 1746011723549164722930206668706160224997708564650965558295831300960549084245391502499776508414962824824660369959202352387141317537433112848311672897807529466875714914404422172983655801540611369936400378382241932959672755442978229431566818226153249705057791344421447780017424702749123155578097314873733568674269/2000000000000000000000000000000000000000000000000000000000000000000000000000000000000000000000000000000000000000000000000000000000000000000000000000000000000000000000000000000000000000000000000000000000000000000000000000000000000000000000000000000000000000000000000000000000000000000000000000000000000000000000
5925331436362133864260670955784602167296729381690581981147508886196845068402967737472323977647759847007126606562409793455319400902123241758918035029042178702344679680634460216511398123851610526720798016775264776552970243422029499555191280735912518030627743948686118437987298008250997949409719764106174421087443/10000000000000000000000000000000000000000000000000000000000000000000000000000000000000000000000000000000000000000000000000000000000000000000000000000000000000000000000000000000000000000000000000000000000000000000000000000000000000000000000000000000000000000000000000000000000000000000000000000000000000000000000 1199193327601558098230455688668333916987055763078696491832020842262934747559743806653920947830966209380011838538041907074235605716747058234580572072095280554681068407143503741469017626932511165675678804030109209604420762638700584209482406979886157195973295328550130262614694336740453875446817327995545794753219/2500000000000000000000000000000000000000000000000000000000000000000000000000000000000000000000000000000000000000000000000000000000000000000000000000000000000000000000000000000000000000000000000000000000000000000000000000000000000000000000000000000000000000000000000000000000000000000000000000000000000000000000
-8871719671500302490435312560791694310314224538015615932022458538913213700363993120521807320119933276562544162614103388368625199724928583876065625669114075038278535589210370743975398441466165354820492251226850446565412018179579494689558957987183687620726298231925268133490585068935804667389627932462950819271663/10000000000000000000000000000000000000000000000000000000000000000000000000000000000000000000000000000000000000000000000000000000000000000000000000000000000000000000000000000000000000000000000000000000000000000000000000000000000000000000000000000000000000000000000000000000000000000000000000000000000000000000000 1509798641856268783821321097805082197848617847117931520505412234475544020012646093217646550169911005769982506925731886604180566950080883643071497711566731324666624586330090024488815055739988236368258940055682351983296944872478077009257266442818746020924564771295457038161913575379721002623576366204970029518607/10000000000000000000000000000000000000000000000000000000000000000000000000000000000000000000000000000000000000000000000000000000000000000000000000000000000000000000000000000000000000000000000000000000000000000000000000000000000000000000000000000000000000000000000000000000000000000000000000000000000000000000000
-3607862246811153827794001688751498093279075174928263402372785880501717209088879431512506529174041765481525439225102403766043845902980028743235509600674935228007942891912997798108455535467878555402813385238734544392055570804414718573786931174016214951018569400783828936316394626662575087670912841476115814923457/10000000000000000000000000000000000000000000000000000000000000000000000000000000000000000000000000000000000000000000000000000000000000000000000000000000000000000000000000000000000000000000000000000000000000000000000000000000000000000000000000000000000000000000000000000000000000000000000000000000000000000000000 -4819143564514436916331544734726898554641447301690291191709301001420861449543768107327535787891474297972607662579594379285362680562530929661822850278772707229829061424861484920143552571887651731262926400338945119504493603167889338525629645618280992716038026695195739592143812716299181496992015059561396437058491/5000000000000000000000000000000000000000000000000000000000000000000000000000000000000000000000000000000000000000000000000000000000000000000000000000000000000000000000000000000000000000000000000000000000000000000000000000000000000000000000000000000000000000000000000000000000000000000000000000000000000000000000
-8487610645069741835564553295153498789102142641022831934728611392597359366207344802222591352262485148439657235627234659668793726698250343309263639614954955698746923513508866678674701960458113769331617887434843578123178650622584106277428881259626543593849556742753409193229780727650992405559747811628208731495713/10000000000000000000000000000000000000000000000000000000000000000000000000000000000000000000000000000000000000000000000000000000000000000000000000000000000000000000000000000000000000000000000000000000000000000000000000000000000000000000000000000000000000000000000000000000000000000000000000000000000000000000000 -578742701199235497511844578708258826482200215612931609009682311777268779107566116097337964195686208731915217619190135763971348546429113956381796542756684570122377000362709565270256074572934463181299578411020961658345254236432417341337973249393109374651618223791652978063318770132032018241957897295901868438629/1000000000000000000000000000000000000000000000000000000000000000000000000000000000000000000000000000000000000000000000000000000000000000000000000000000000000000000000000000000000000000000000000000000000000000000000000000000000000000000000000000000000000000000000000000000000000000000000000000000000000000000000
0 0
0 0
0 0
0 0
0 0
0 0
0 0
0 0
0 0
0 0
7960872365363426804810022345495268406356668300460387808377274469131170517093310892527014826637502328925817050106876413842666703143833626511982622374189503167086696874393436080781111870776578552703361242358278193244177881398043247568399557145791823852432739483751633567024377697314220928908549228789328248892751/10000000000000000000000000000000000000000000000000000000000000000000000000000000000000000000000000000000000000000000000000000000000000000000000000000000000000000000000000000000000000000000000000000000000000000000000000000000000000000000000000000000000000000000000000000000000000000000000000000000000000000000000 -559497291311995832750335760331971387099704457602010531922228095462515710780573542248296344452755049615235789939909090293129229967767100076347202539289941505154392695971249681601279070957477343038304939824651202047034647992307350561762181912909039956510578179320265378788079887693181517010163859714026042957919/2000000000000000000000000000000000000000000000000000000000000000000000000000000000000000000000000000000000000000000000000000000000000000000000000000000000000000000000000000000000000000000000000000000000000000000000000000000000000000000000000000000000000000000000000000000000000000000000000000000000000000000000
6361551407902783975786305192096258384749101303679914445528345772076328564751050605932087013713460481006886641467362626688536645821012722620134081043652065240998806888037633869358040260393808662855939239524639371319027301110513616856848400878044353771205921252471293575578908588659581882180050906809366611294581/10000000000000000000000000000000000000000000000000000000000000000000000000000000000000000000000000000000000000000000000000000000000000000000000000000000000000000000000000000000000000000000000000000000000000000000000000000000000000000000000000000000000000000000000000000000000000000000000000000000000000000000000 7166793900165245171130721598412976430173758204892341865550555096803258129359298211213946050862152438406697106806305996745989365558920133664708475265534239840545259877099365346567485141567498851782641182931550566315818420617948307774733648404830211847365014801727078344658116418737472143348378948516107865646349/1000000000000000000000000000000000000000000000000000000000000000000000000000000000000000000000000000000000000000000000000000000000000000000000000000000000000000000000000000000000000000000000000000000000000000000000000000000000000000000000000000000000000000000000000000000000000000000000000000000000000000000000000
-2389722796930043016069906775555008649681515474329355487898015252693683326281278373111288070933595952781864370930786242539943167533270084105819424653901642435501025103763734357166699971599617544093288139326668030357069110830138644293612737932125682980235882022999578203471364212981267469661454086558486942913601/5000000000000000000000000000000000000000000000000000000000000000000000000000000000000000000000000000000000000000000000000000000000000000000000000000000000000000000000000000000000000000000000000000000000000000000000000000000000000000000000000000000000000000000000000000000000000000000000000000000000000000000000 3893045984383273297790134463461892085152249338769289809958742138116404781763732296779537706729998210612924498680231588489591760466812786552115475283739529154206585889820158877086350188253962818809127057531551884867497014259218822665606463002179429873565393683771403780955969508410859082330383119465902692952277/5000000000000000000000000000000000000000000000000000000000000000000000000000000000000000000000000000000000000000000000000000000000000000000000000000000000000000000000000000000000000000000000000000000000000000000000000000000000000000000000000000000000000000000000000000000000000000000000000000000000000000000000
969853316339675948438156702130353894823695036828158102301353499112830744509198445641769160295747475421971440572561960071341712085723487166200034108378367237865917370377505648559311275039705109960086884498235957109654024032240446446583847603472600353693479173452431635188802022190733560704796686941609685018539/20000000000000000000000000000000000000000000000000000000000000000000000000000000000000000000000000000000000000000000000000000000000000000000000000000000000000000000000000000000000000000000000000000000000000000000000000000000000000000000000000000000000000000000000000000000000000000000000000000000000000000000000 526021944140806603901033234366216173240906397599091302734065347516723357407224207087240029921754434635517491169965917156649735148230673825328443047992813213828497406589202971029707010697312971750170219998070079231529677282102652878336630231060661941234227098661036341792124324349367646508770546876725258640429/625000000000000000000000000000000000000000000000000000000000000000000000000000000000000000000000000000000000000000000000000000000000000000000000000000000000000000000000000000000000000000000000000000000000000000000000000000000000000000000000000000000000000000000000000000000000000000000000000000000000000000000
-7550911189610431198740351669764968511116275760509152779211143556564281877132707984209835897278357955050429131183129461536121423513632256528154212016472464118737767321749249167105092433506267352803638491424278236794719468051612816232035562712289085842168666732255229600279633229068984169717664621447960258857841/10000000000000000000000000000000000000000000000000000000000000000000000000000000000000000000000000000000000000000000000000000000000000000000000000000000000000000000000000000000000000000000000000000000000000000000000000000000000000000000000000000000000000000000000000000000000000000000000000000000000000000000000 8617396800027564770643179366339746593936590533187641405884713287799675551815582968667183370558994197389991123415295623279199671380630146033736091456819380606494977764810399576780735920564092629559136102849927403405687694187680385138828192047070047416676053194449262344376077562700978491491491929280289940562993/10000000000000000000000000000000000000000000000000000000000000000000000000000000000000000000000000000000000000000000000000000000000000000000000000000000000000000000000000000000000000000000000000000000000000000000000000000000000000000000000000000000000000000000000000000000000000000000000000000000000000000000000

-1
3605276098259443453407731324924745700135700940862828874554503753403113798602475433668929361801524959093156044946067359458035030924257723748401002435435301473327747520770670979533344772382033060260546612015123780594546724742675564340803492248366067086606599817254733840346582132156272511331134042952422105350307/10000000000000000000000000000000000000000000000000000000000000000000000000000000000000000000000000000000000000000000000000000000000000000000000000000000000000000000000000000000000000000000000000000000000000000000000000000000000000000000000000000000000000000000000000000000000000000000000000000000000000000000000 -8642192918811206659292614505566608547158994125650502180667056877088797577661600944931893954127074554982379390184556905210144406868775791165380982893817273858652748420652790892787660811003989178274999495648141291712792692007127915376345996611283078329414808500049095264997733886673335906314199577710041456832139/10000000000000000000000000000000000000000000000000000000000000000000000000000000000000000000000000000000000000000000000000000000000000000000000000000000000000000000000000000000000000000000000000000000000000000000000000000000000000000000000000000000000000000000000000000000000000000000000000000000000000000000000
0 0

0 0

0 0

