1                                                

0.100000000000000000000e1 0.000000000000000000000e0
0.388352140876839206178e-23 -0.548660324230849345841e-23
0.358467112283836168214e0 0.305665692487003574256e0
0.252314859752705616598e-23 0.746715605085249473133e-23
0.339834392124907438721e0 0.589340945406774443941e0
0.378691814773958356573e0 -0.617061228697581776496e0
0.812252184254850517317e-24 -0.119533582977169769548e-23
0.517932031206925486908e-24 -0.181493649132969571420e-23
-0.231317029369291060501e0 0.784904890484521830150e0
0.100000000000000000000e1 0.000000000000000000000e0

