1                                                

-0.106331115905896150097743585756e-19 0.236786554875197543740316522263e-19
0.100000000000000000000000000000e1 0.000000000000000000000000000000e0
-0.498539595429319788518705996227e0 0.481491500877329610987117271688e0
0.730711111582224346329394340320e-1 0.729413823231372012957207799050e0
0.586753833630454657394952848400e0 -0.197956532982469742632367137191e0
0.791391096931474129471255503606e-19 0.305211548251892468012460228400e-19
0.100000000000000000000000000000e1 0.000000000000000000000000000000e0
0.836023969643774416924902531927e-20 0.726148128570960093387608375985e-20
-0.292710801128752163071248353242e0 0.924947074987189977544694206832e0
0.590163594869839730694404228419e-20 0.984071999649818813221973995079e-20

