1                                                

0.798792363867345567654e0 -0.266914024330343577712e0
0.100000000000000000000e1 0.000000000000000000000e0
-0.400492304484615908519e0 0.860386514172731344235e0
0.730711111582224340482e-1 0.729413823231372012920e0
0.245857123136780379182e0 -0.842774717596277525545e0
0.100000000000000000000e1 0.000000000000000000000e0
0.816869353359765726840e0 0.506542253478224628941e0
0.453499494253080800331e0 -0.372033450681125641313e0
-0.335257884204359378412e0 0.772501379579468230190e0
0.334930732145622857894e0 -0.345104768849179742321e0

