10
0
0
128
0.2259210538532749126764443652319896113698e-18 -0.3141920759346248941167534153598758498875e-19
0.3076734508725159885941171281386269043584e-18 -0.2004005649722345287401463525742958245595e-19
-0.4614165077380262572798195922724820572608e0 -0.8247803584683028420028841733172618648992e-1
0.3709953515654548061510527017804250617593e-19 0.2229569189117813077115861067166879959272e-18
0.4960293034576358208698082184401011663448e0 -0.4596823313874320816640834498658923802693e0
0.1535835355408968778444447862685225181408e-18 -0.1790391008051505559214664260215903934096e-18
0.3609812068889311606198605302127495016332e0 -0.1532065818928100940098226940914892514267e0
0.5130613828220411835995468966866886983371e-1 -0.4422787511247671370765666465301607054623e0
-0.5349403033402463350252214035058044237597e0 -0.3456539246217053613308286216891269976787e-2
0.4828817549959121517389790459764954472834e0 0.2997978152081901913176296260922896631951e0
1.42188317931923e-19
2.328607134688907e+37
4.99806590658831e-32
9.53674316406250e-8
2.94562146542740e-17
1.000000000000000e-01
2
1
-1

2 0
2 10
4876638402335219954911708902208621418515830579558722070640364280876453924568408197335447621569572085137495859144575925915254872728964931739530183407305018885115165321148736145003742314272691808127367107720725038550967334408236966132032324110103482952282089262310133806174696975302203333602899213879918302979/9765625000000000000000000000000000000000000000000000000000000000000000000000000000000000000000000000000000000000000000000000000000000000000000000000000000000000000000000000000000000000000000000000000000000000000000000000000000000000000000000000000000000000000000000000000000000000000000000000000000000000000 7558304385718782856222671214304583739641152345059685348341699149245579744803914555385321948824637228321453207435752908677455645309597347061508237489727621942487268079563185714384520720851905763391841604003763230364161734856711119231483035795883702833046455397658119646667213836716077688247000234394600951201519/10000000000000000000000000000000000000000000000000000000000000000000000000000000000000000000000000000000000000000000000000000000000000000000000000000000000000000000000000000000000000000000000000000000000000000000000000000000000000000000000000000000000000000000000000000000000000000000000000000000000000000000000
4951954893402756236129743753768003543216487520363173627080645311782306441341568499585501118273290351423289852892457325017090099250874646379395722129968540204812708778041026727194628743725010567628076177808086185805381109989616421165750478912455778541047411302462883901699346697015185957361662678021551930377183/5000000000000000000000000000000000000000000000000000000000000000000000000000000000000000000000000000000000000000000000000000000000000000000000000000000000000000000000000000000000000000000000000000000000000000000000000000000000000000000000000000000000000000000000000000000000000000000000000000000000000000000000 1502612317946680541701957080595894025167569731365913166029981712992260566066417924632323530015771240572551897528686275838242410943844630637274175481978709127911796614386565726301819847313260422192196014625147475911847911079461394003255083876442242022825323144090982750905413553727939205214807054442974045839513/10000000000000000000000000000000000000000000000000000000000000000000000000000000000000000000000000000000000000000000000000000000000000000000000000000000000000000000000000000000000000000000000000000000000000000000000000000000000000000000000000000000000000000000000000000000000000000000000000000000000000000000000
-1604357420618666586674132088614115700748987911734909129100698488828434133737478526805098920272706467007510861758617159398844339496816849775915360047454581170908225749788185256249190613187078797358722396840821606976033347286530635704528549765586546194825120283303765940694202372034727893555085621180167390095547/2500000000000000000000000000000000000000000000000000000000000000000000000000000000000000000000000000000000000000000000000000000000000000000000000000000000000000000000000000000000000000000000000000000000000000000000000000000000000000000000000000000000000000000000000000000000000000000000000000000000000000000000 6839707387748175103110231484278873313582071596753320052358042795641641172262429899858782196824543511730239164578048429165590973072444856734437128627951291358486798763552974233980363653227138845873649049304456805628773229939069677634368102251952551374128352623825416116333180758352691393446349528949375395011099/10000000000000000000000000000000000000000000000000000000000000000000000000000000000000000000000000000000000000000000000000000000000000000000000000000000000000000000000000000000000000000000000000000000000000000000000000000000000000000000000000000000000000000000000000000000000000000000000000000000000000000000000
9004323386435028588455372092903810196251725816858920835812870721824984730655872034754560515440617531559109226690750614170100807635528733838695981746041355300576541192327048526856608048991084692069165645011500514207455705960733684490805782101271838447356363400792794502801682013924126182452685265073112522983963/10000000000000000000000000000000000000000000000000000000000000000000000000000000000000000000000000000000000000000000000000000000000000000000000000000000000000000000000000000000000000000000000000000000000000000000000000000000000000000000000000000000000000000000000000000000000000000000000000000000000000000000000 4850817506397304671609140974740376164946492052680492080290416872461415939448151152021663986746304455398447691394224929272544010669679345946326275424268069496974786520799961464171437948527713042429980931162514382516536227242152664187630535724440483231792417095222016342111589221973433269163301204157014525514091/10000000000000000000000000000000000000000000000000000000000000000000000000000000000000000000000000000000000000000000000000000000000000000000000000000000000000000000000000000000000000000000000000000000000000000000000000000000000000000000000000000000000000000000000000000000000000000000000000000000000000000000000
4382274647674781350852932549029484193224406607842029676757660608513158602581685066416203244461488545041322792638102902918331962582541371131529171014053744819481370244159375080702946937106479231691299034514997997184150125936103557127731199828396300672730600100466084352832321717106372001770408819012553936694203/10000000000000000000000000000000000000000000000000000000000000000000000000000000000000000000000000000000000000000000000000000000000000000000000000000000000000000000000000000000000000000000000000000000000000000000000000000000000000000000000000000000000000000000000000000000000000000000000000000000000000000000000 4678263054098622956756994459557733519611295170695649367577927369818172779937294540894404053703327526313072925748795768151909718163003068727123726838241246544397551164767532298233688316320709596692068920329209965983983006320719151197265245240316335191737829536321173906488846385938865871122266272383214806183003/5000000000000000000000000000000000000000000000000000000000000000000000000000000000000000000000000000000000000000000000000000000000000000000000000000000000000000000000000000000000000000000000000000000000000000000000000000000000000000000000000000000000000000000000000000000000000000000000000000000000000000000000
0 0
0 0
0 0
0 0
0 0
0 0
0 0
0 0
0 0
0 0
288192834402820243662386448756903045024362402389472770885912896299373753174268911791283853156469794996600515486550057228084268636663132911973203267055496786264799144652114133181823676333134409777603289998737841013189067963216394110814811705232115121647239382178789124764806584960772041321778892918830882888667/1000000000000000000000000000000000000000000000000000000000000000000000000000000000000000000000000000000000000000000000000000000000000000000000000000000000000000000000000000000000000000000000000000000000000000000000000000000000000000000000000000000000000000000000000000000000000000000000000000000000000000000000 601631707731608746141059266495868505621194217435858600086542783057512002686106704150806414033727508038207848314469125223742225804649758531116685876290458863218192390313262213435578715515628778528803513254447176180485884360460229524010118511799815626877352340718367978028730134460820821784332445897236741812893/2500000000000000000000000000000000000000000000000000000000000000000000000000000000000000000000000000000000000000000000000000000000000000000000000000000000000000000000000000000000000000000000000000000000000000000000000000000000000000000000000000000000000000000000000000000000000000000000000000000000000000000000
3776600454521591212738870072827647161761359149666824478236675586442558709172949677629101899012273055629705549824695373891376777764553187792958553826934174699568494066772396709519475083056431455283677490823421315013352816405456624491315234284012944675756782352685762199259541237146116899635988272054840223074637/10000000000000000000000000000000000000000000000000000000000000000000000000000000000000000000000000000000000000000000000000000000000000000000000000000000000000000000000000000000000000000000000000000000000000000000000000000000000000000000000000000000000000000000000000000000000000000000000000000000000000000000000 8924346046733714399075638843137693705925950588704896367605913183328608766008152724965785568313987025437471198515818021917341696962195955810553033427030689831693788562699147605488721868272327140455389638761860146219860265359440669252739483328159609856630972630054271609414550268125380585686857766120678080482471/10000000000000000000000000000000000000000000000000000000000000000000000000000000000000000000000000000000000000000000000000000000000000000000000000000000000000000000000000000000000000000000000000000000000000000000000000000000000000000000000000000000000000000000000000000000000000000000000000000000000000000000000
4583746986142868898434835429542385404119313274022454140826567569565364858503308957036520315066998019348933507692303493231648907417052789494669265385827241980849690407244384454648827894525523123864163982585218390556338535179635405950054794988944102265638512752077666112160768344903630875595262198233559522040977/10000000000000000000000000000000000000000000000000000000000000000000000000000000000000000000000000000000000000000000000000000000000000000000000000000000000000000000000000000000000000000000000000000000000000000000000000000000000000000000000000000000000000000000000000000000000000000000000000000000000000000000000 1158749757500387427375115305295639441986367418156118413819954053205739130253239476900118710630809759922820132380178589829212760210773724300014597395489754417934113228986647552745814502834507737268206455780462268420336424381633536984034282251147917178598376210634566162616466374229956799189556751287551145684457/2500000000000000000000000000000000000000000000000000000000000000000000000000000000000000000000000000000000000000000000000000000000000000000000000000000000000000000000000000000000000000000000000000000000000000000000000000000000000000000000000000000000000000000000000000000000000000000000000000000000000000000000
-1923620739246487669677869229552659604401670454761832793377024533370842782307507872055314487487339050486541463195470661420643044208968285664995000899448052772745203496107569906422099300932433719381754835111259609001482642452834097856986019139463588688204859809126103447949282639350727118690325359847284206993/3906250000000000000000000000000000000000000000000000000000000000000000000000000000000000000000000000000000000000000000000000000000000000000000000000000000000000000000000000000000000000000000000000000000000000000000000000000000000000000000000000000000000000000000000000000000000000000000000000000000000000000 -1859338868302676068824261076810012340670101056455435495336407068921799755188744311001773931271594044241209457556693110131979010978075087329501460164219274957983182866501530484208818719282921299870433589858852609759920113260931390596695498479941305236158331293153730226118613167057806609688762195902924749022879/2500000000000000000000000000000000000000000000000000000000000000000000000000000000000000000000000000000000000000000000000000000000000000000000000000000000000000000000000000000000000000000000000000000000000000000000000000000000000000000000000000000000000000000000000000000000000000000000000000000000000000000000
-4744166119056286423529559103188512809491604116826423656327815843853255883737400422918658023427397350107826445415348608762832354155525635221951127353686913409035528580871546780576101448901305418054367104783254172851182259132525128410041808624303416789789937267320960452993392835953485686740848451527478860169869/50000000000000000000000000000000000000000000000000000000000000000000000000000000000000000000000000000000000000000000000000000000000000000000000000000000000000000000000000000000000000000000000000000000000000000000000000000000000000000000000000000000000000000000000000000000000000000000000000000000000000000000000 -236317473550892231784925061864331610001315418838852774284681846299895614711988916516296895676213976452136581264290430478815436537133128400529646126220096418569412758769688880445094156935827248549915700432562090450195357971047373769748736078403771240449583597135370207025038776876121152437299644842478450145329/250000000000000000000000000000000000000000000000000000000000000000000000000000000000000000000000000000000000000000000000000000000000000000000000000000000000000000000000000000000000000000000000000000000000000000000000000000000000000000000000000000000000000000000000000000000000000000000000000000000000000000000

-1
-7508951804534804125156127525422311887085042043605272787748608548871716573962438080070655731163529540515350905560036664309241982826106841334413669316025519611140011662063037562900889859732631075616089263502026193031153443959057245036566560784037917891044419417082122967793314656382600701065865785179769571059467/10000000000000000000000000000000000000000000000000000000000000000000000000000000000000000000000000000000000000000000000000000000000000000000000000000000000000000000000000000000000000000000000000000000000000000000000000000000000000000000000000000000000000000000000000000000000000000000000000000000000000000000000 3526858146186884605243813277535387577915295028225958923730733670368283911611695991175223767683768111177316583467515801102607410168807907919444366335737622585309358237244138619481487958069633609985804727698532114730184175502247379021183457693497080937909754312443024639471460210723799685642524549865432389257153/10000000000000000000000000000000000000000000000000000000000000000000000000000000000000000000000000000000000000000000000000000000000000000000000000000000000000000000000000000000000000000000000000000000000000000000000000000000000000000000000000000000000000000000000000000000000000000000000000000000000000000000000
0 0

0 0

0 0

