1                                                

0.2766054686423063884776363219414187994022e-18 0.1929955315930689692557841957489291469031e-18
0.3538342095850009897081479428914625177379e-18 0.2875057519693874583222238242172107184425e-18
-0.4175384185482691327383631151994981017519e0 -0.5532194723498966480931585741833184731307e0
-0.1838556108848364748470707990403872684580e-18 0.2790999283642180662211083390214761265039e-18
0.1000000000000000000000000000000000000000e1 0.0000000000000000000000000000000000000000e0
0.6341721943132743121897569857923811176048e-19 -0.4101448078917736602751235531685263585023e-18
0.3973961975392908806452465731366059478760e0 -0.5639995524151402482805624710524811855172e0
-0.3337509073859148461883193494919152805642e0 -0.7087055054909165489599795460679868181643e0
-0.8028056031145660427303408470392841223432e0 0.4912648368883423828736412495578665768395e0
0.1000000000000000000000000000000000000000e1 0.0000000000000000000000000000000000000000e0

