1                                                

0.139429143548450849529e0 -0.124526910774999394441e0
0.113869395098717538627e0 0.102226816279814158898e0
-0.558622637038938945557e0 -0.624568909547685530896e0
-0.662450896726523695641e-1 0.905277378837326965753e-1
0.100000000000000000000e1 0.000000000000000000000e0
0.235664089898723191370e0 -0.596294911651255938624e0
-0.727281962382133284303e0 -0.112443839519653402412e0
-0.411950957216874170600e0 0.653307077976362413432e0
0.100000000000000000000e1 0.000000000000000000000e0
-0.887927866437487952700e0 -0.419625570016264932147e0

