1

0
0.323081292810656517292e0 -0.138143866423686821339e0
-0.505610462538808221218e0 -0.712812235060473128553e0
0.271244919787540507384e-1 -0.382666510799884161562e0
0.100000000000000000000e1 0.000000000000000000000e0
0.366822995551657787979e-1 0.387789431177641614069e0
0.133368169967576904938e-18 -0.363809904890545513508e-19
0.397396197539290881685e0 -0.563999552415140247886e0
0.333750907385914844167e0 0.708705505490916548605e0
0.802805603114566043016e0 -0.491264836888342382035e0
0.100000000000000000000e1 0.000000000000000000000e0

