1                                                

0.300608208357770970468e0 -0.162061738242686148096e0
-0.559334487847024919597e0 -0.694166851512566909711e0
0.832068057297802424785e-1 -0.343784558164712651657e0
0.100000000000000000000e1 0.000000000000000000000e0
0.288360432297317810548e-1 0.367020606833928822801e0
0.331684451054274528084e0 -0.713572753367546115015e0
-0.759023656769241943814e0 -0.640838209994339732525e0
0.100000000000000000000e1 0.000000000000000000000e0
-0.205183025872669031657e-1 -0.959317215628308421070e0
0.696976310265368645836e0 -0.575558748213523533829e0

