1

0
-0.805306802379578100620582983451e-19 0.224776822489436132736158886475e-19
-0.417538418548269132806203252344e0 -0.553219472349896647371569818199e0
0.125695035322141131574592909336e0 -0.711811257215878508071195380566e-1
0.100000000000000000000000000000e1 0.000000000000000000000000000000e0
-0.272772503651130485191871066862e-1 0.206619146749865821172179823084e0
-0.882229158026612604064820392666e0 -0.434657915473292892452050596750e-1
0.779807504023666720354290900935e-1 0.204122232461011902870746827201e0
-0.140518663152073424075924937828e0 -0.408648921271557377880431225750e-1
0.100000000000000000000000000000e1 0.000000000000000000000000000000e0
0.175019288023449472783299949596e0 0.939114515114080565919343007140e0

