1                                                

0.100000000000000000000e1 0.000000000000000000000e0
-0.541568656976624671485e0 0.102501413278366043968e0
0.429969035220947520168e-1 0.574745123763482780479e0
0.200039525273682883744e0 -0.532490056234529960137e0
0.332679402530826253949e0 0.541799167745609176011e-1
-0.882229158026612604116e0 -0.434657915473292893538e-1
0.779807504023666720350e-1 0.204122232461011902883e0
-0.140518663152073424103e0 -0.408648921271557377908e-1
0.100000000000000000000e1 0.000000000000000000000e0
0.175019288023449472771e0 0.939114515114080565918e0

