1                                                

-0.2019673984444032856061801827953434754361e-19 0.4812393096840172659017926333220709409132e-19
-0.1030930857851988862146206176392685350711e-35 0.8748631239567427349217575906548340911295e-36
-0.4175384185482691329537752590568454932758e0 -0.5532194723498966479340204365203192978657e0
0.2960042879617133945189506774028876449128e-36 -0.1219344953001244003911608373475687331170e-35
0.1000000000000000000000000000000000000000e1 0.0000000000000000000000000000000000000000e0
-0.2803797456009163202018420120019584979743e-18 -0.1180714283567024115622568603157761857842e-18
-0.4229357363037519330567156990468614795376e-35 -0.7676084080065870898507438646192831759014e-36
0.1699054514321904525237038225350917016211e-31 -0.8437579856700559396841063502137604392813e-32
0.1000000000000000000000000000000000000000e1 0.0000000000000000000000000000000000000000e0
-0.4327897634688916163891096199122859292311e-18 -0.2016529157188375577717934637132800638549e-18

