1                                                

0.699934757834661487933e0 -0.144535026467973140137e-1
-0.293899558426057296020e-276 -0.142072571538189934541e-275
0.199481468839301029637e0 -0.332014070209961760609e-1
0.886881229634839521993e-276 -0.172907164556945596222e-276
0.100000000000000000000e1 0.000000000000000000000e0
0.100000000000000000000e1 0.000000000000000000000e0
0.515071801079686916311e-276 -0.176903579695302433125e-275
-0.198905682865700950672e-276 -0.395849329491770632685e-276
0.424733679528612311269e0 0.185170239481638314826e0
0.312970475965461107637e0 0.371029682496321192955e-1

