1                                                

0.1578918912291737127243404498919079964483e-19 0.5518864579232995869909225796809384523498e-20
-0.2207662657620323505755582002097396457955e-20 -0.1397052436616957144592955951389796881447e-19
-0.4175384185482691329053066623954166847598e0 -0.5532194723498966479379048926136137090726e0
0.1002897722701994867160978292133208885638e-19 -0.2631141398399010879457728357748399769267e-20
0.1000000000000000000000000000000000000000e1 0.0000000000000000000000000000000000000000e0
0.1907136459115969495409410479033655346019e-20 -0.6771133078919585295357425123281100440275e-19
0.3973961975392908806073823426847452318025e0 -0.5639995524151402479610726662954737076456e0
0.3337509073859148456436232219605538396563e0 0.7087055054909165488885087050186677678829e0
0.8028056031145660427604418137798105414531e0 -0.4912648368883423829513037987999983292113e0
0.1000000000000000000000000000000000000000e1 0.0000000000000000000000000000000000000000e0

