1                                                

-0.448314899783221396481e0 -0.146100885491923542561e-1
-0.209420775401463820313e-1 0.333654893228524853012e0
-0.241680366578606138018e0 -0.974944756172609918227e-1
-0.244902752185493679691e0 0.910509294662035812296e-2
0.100000000000000000000e1 0.000000000000000000000e0
-0.416010564349215854072e0 -0.854569997612920468591e0
0.493784367901899681101e0 0.164182758366268534856e0
-0.519118782033824295813e0 0.118504310700212119384e0
0.100000000000000000000e1 0.000000000000000000000e0
0.470085914336558056140e0 0.834224851001953259216e0

