1

0
0.505711630027230091186e-1 0.318772136689807848443e0
0.100000000000000000000e1 0.000000000000000000000e0
0.351132793856952353197e0 -0.349318408742648867104e0
-0.127058301132111617921e0 0.768057259245413042085e0
-0.359205923427866216272e0 0.443166256724960111888e-1
-0.215093643179786390176e0 -0.467464164135877303984e0
0.100000000000000000000e1 0.000000000000000000000e0
0.418249709027218155623e-2 -0.953073145231282818542e-1
0.425218147762760721698e0 -0.801640908064528327412e0
-0.432939950698599987272e-1 0.684696095983750149244e-1

