1                                                

0.892619469162929515734e-1 0.275717245569217843013e0
0.100000000000000000000e1 0.000000000000000000000e0
0.435751726423901260835e0 -0.369635713729070519208e0
-0.537810564729915308328e-1 0.815760381066707697547e0
-0.373679954851920132679e0 0.539434969431732902955e-1
0.100000000000000000000e1 0.000000000000000000000e0
-0.340746312810815858501e0 0.798013354046201126208e0
0.162871148853727246191e0 0.396697844035353294550e-1
0.500327610479378114016e0 0.639399030290851086162e0
-0.104913860466139804170e0 -0.102643429446031941983e0

