1

0
-0.464346334361904288185e0 -0.656416767051883581481e0
-0.267756816878978486459e0 -0.703839068832969299704e0
0.670080199848201684396e0 -0.490976995901587302796e0
0.100000000000000000000e1 0.000000000000000000000e0
-0.234546097405277480580e0 0.731705342037290031558e-1
0.182601458818428535061e-1 0.593823948188824854032e0
0.240163524805645888053e0 -0.151798054096911043832e0
-0.542996787586001060403e-1 0.191734817353336329555e0
0.100000000000000000000e1 0.000000000000000000000e0
0.422265757766022293868e0 0.502477150504301398938e0

