1                                                

0.100000000000000000000e1 0.000000000000000000000e0
0.632712576985354013673e0 0.575329643610906489408e0
0.805677798457824141009e-1 0.524775944153019386382e0
-0.393287434126258592484e0 0.648964137880848904985e0
0.149541401610568558021e0 -0.101297412430097262594e0
0.281310155096574233578e0 -0.346125963231492105683e0
0.100000000000000000000e1 0.000000000000000000000e0
-0.854584604281375751324e0 -0.346188285843473443919e-1
0.797014860964935709521e0 0.381843589115717407627e0
-0.351183014129865282124e0 0.613989251629552129706e0

