1

0
-0.152169338287738966866e0 -0.925464653989093507288e0
-0.135232446841106031268e0 -0.495516426462438717320e0
0.656623041494043348340e0 -0.361892287298937085748e0
0.100000000000000000000e1 0.000000000000000000000e0
-0.856853352888024121246e-1 0.158511911134537959913e-1
-0.356251219018977326511e0 0.309852979806465189200e0
0.773041143865198677066e-2 -0.401373217506100091943e0
-0.335447203120508852058e0 0.264820523852850549728e0
-0.144789222035319718412e0 -0.949769398344557250235e0
0.100000000000000000000e1 0.000000000000000000000e0

