1                                                

-0.169230001196397249866e0 -0.183322288544475502827e0
-0.389493360147250754097e0 -0.557516157573446359129e0
0.443328226893794293965e0 -0.668996397362184561553e0
0.100000000000000000000e1 0.000000000000000000000e0
-0.192762096232589263172e0 0.306888564413009520978e0
-0.356251219018977326511e0 0.309852979806465189173e0
0.773041143865198675711e-2 -0.401373217506100091889e0
-0.335447203120508852085e0 0.264820523852850549755e0
-0.144789222035319718453e0 -0.949769398344557250235e0
0.100000000000000000000e1 0.000000000000000000000e0

