6
0
0
52
-9.975478585579135e-01 -1.611135253637768e-01
1.327966728265304e+00 1.617237249392315e-02
-1.425255405094744e+00 1.553055562977550e-01
-2.924816774522780e-02 6.488379919710551e-01
-9.545520507327963e-01 2.844435233812710e-01
-1.544667262458175e+00 6.257295942087084e-01
3.224796366455517e-16
4.139812489176557e+01
2.302523031635028e-16
3.906250000000000e-04
1.301188963152776e-14
0.000000000000000e+00
1
1
-1

2 0
3 6
-3678233172825617370411131951332068123037215453411777783123531348220464160339183994462978714643334273936365220474394966537974161413706834184402253845014523759402858249650257304344610853273730066379112476812922268162283808515534475628694813040178649873483112604993509585747055265384142935828772750932357678117759/5000000000000000000000000000000000000000000000000000000000000000000000000000000000000000000000000000000000000000000000000000000000000000000000000000000000000000000000000000000000000000000000000000000000000000000000000000000000000000000000000000000000000000000000000000000000000000000000000000000000000000000000 6083663221008166207293093508312676052792320034654182279337609720038354660854594762242936149806787427297374559717778337317341803190794558088590514173167467481971639056022480025150291227901968634616653067131474322161645643003888220716840076643088283509082268062674757920931404926742924212585547047121132507151991/10000000000000000000000000000000000000000000000000000000000000000000000000000000000000000000000000000000000000000000000000000000000000000000000000000000000000000000000000000000000000000000000000000000000000000000000000000000000000000000000000000000000000000000000000000000000000000000000000000000000000000000000
0 0
0 0
59157758676132271181457776224619965834457999060924287569429443017600917515435129032382585709998021102206056064979283969659733224328970900745443674720203913607402516626658137751977671099612692595737505720692569581001901648622794509043617812541574170195958368307137013575002515941669664847042078811537854030173/80000000000000000000000000000000000000000000000000000000000000000000000000000000000000000000000000000000000000000000000000000000000000000000000000000000000000000000000000000000000000000000000000000000000000000000000000000000000000000000000000000000000000000000000000000000000000000000000000000000000000000000 -731189584808266073719709304817843096581912276916387888764306455015077976309612215995250071051337328287326892114508727517443811100163951789138198507069285471689796321880491954904880217521964197588863145390024944392315337273640980405223373946137500531519733702501332511765945882458611219460039106623230383923667/2500000000000000000000000000000000000000000000000000000000000000000000000000000000000000000000000000000000000000000000000000000000000000000000000000000000000000000000000000000000000000000000000000000000000000000000000000000000000000000000000000000000000000000000000000000000000000000000000000000000000000000000
0 0
0 0
0 0
6732316208650638235885147323838892532476152230431099974397643423119526708071311891421271965916431587575705662581657598267579646963329018959787370704462417896914355963387248444037053796739666853451963183653201342269489283698377447768262706662667451610461725033667243960457903004495852597869569120861083141149567/10000000000000000000000000000000000000000000000000000000000000000000000000000000000000000000000000000000000000000000000000000000000000000000000000000000000000000000000000000000000000000000000000000000000000000000000000000000000000000000000000000000000000000000000000000000000000000000000000000000000000000000000 -7220411937597403261044038003725531939538650182318317033279697447878771997844363371752381137976380080282241205461662902999768046701890152468062339065638208128054745134107466328509380750309468003177227225448250693106897239352493912649592077275668900692725686510883277212241068082227609473361734443409635432692483/10000000000000000000000000000000000000000000000000000000000000000000000000000000000000000000000000000000000000000000000000000000000000000000000000000000000000000000000000000000000000000000000000000000000000000000000000000000000000000000000000000000000000000000000000000000000000000000000000000000000000000000000
0 0
0 0
1810670053541803419379064008941159740946169271714559660772778014743145899402950943736967651806751428669192063202820371173633249284142506210730170588300755225953000728232803420085391149267210331616349836063867943739911379489348440835557171732641116477499086569109378919920070919684664363815613845236511697096391/10000000000000000000000000000000000000000000000000000000000000000000000000000000000000000000000000000000000000000000000000000000000000000000000000000000000000000000000000000000000000000000000000000000000000000000000000000000000000000000000000000000000000000000000000000000000000000000000000000000000000000000000 -9391374640527402861548582907666533570187000616187162768832039973767412601711194151801722131506466312868541239363852568059503260193711052104819182283546960150199185715134923467026019883576350467929378647666451304327098895339507562460936983430479709550354214667669210494527482462304125671809045424349232704478741/10000000000000000000000000000000000000000000000000000000000000000000000000000000000000000000000000000000000000000000000000000000000000000000000000000000000000000000000000000000000000000000000000000000000000000000000000000000000000000000000000000000000000000000000000000000000000000000000000000000000000000000000
0 0
0 0
0 0
-113679267083226051713834080275824408620257134367857586337028370506396131848397818530863141297819287060829453979000102409364649532267709313708627416895493371197473092274384037038615932301209353286508164193094614773170495953128393116726183455659701027561059487617507388567879156038479890779303608449880003609781/156250000000000000000000000000000000000000000000000000000000000000000000000000000000000000000000000000000000000000000000000000000000000000000000000000000000000000000000000000000000000000000000000000000000000000000000000000000000000000000000000000000000000000000000000000000000000000000000000000000000000000000 8076771845535353031382380902365249642089707481192293908761643710508961474439785376791234090304539804831833586238417469254599837545720283702141094127382790214208390777405892891133909880025785222795571078715096029328303948398687998716994219442771074102453539132648677179386336049760918353985816661113299822920999/10000000000000000000000000000000000000000000000000000000000000000000000000000000000000000000000000000000000000000000000000000000000000000000000000000000000000000000000000000000000000000000000000000000000000000000000000000000000000000000000000000000000000000000000000000000000000000000000000000000000000000000000
0 0
0 0
1177864608614211131254052795814447321187148443990548664525231543063346732591829373196973638101333407258483883078260406422650047910689307984285408704412520198402084393935636166745250429478374267948163285659653183170202676342565682516234909914829839628593622201167795330006294683532970044470968743002583141520783/5000000000000000000000000000000000000000000000000000000000000000000000000000000000000000000000000000000000000000000000000000000000000000000000000000000000000000000000000000000000000000000000000000000000000000000000000000000000000000000000000000000000000000000000000000000000000000000000000000000000000000000000 -1807401326632824008110502146151361430204493727241532214003384490661660491191379029709127235512505873987519345931254118560845483266386402383674603853865360134010188708794563909503368439463643853072191825532139577718215664434722122306410215798694566298462853617232692914561238620346445827177984967707236041144933/2500000000000000000000000000000000000000000000000000000000000000000000000000000000000000000000000000000000000000000000000000000000000000000000000000000000000000000000000000000000000000000000000000000000000000000000000000000000000000000000000000000000000000000000000000000000000000000000000000000000000000000000

-1
-393408813616268237254060022902795575681968804926020008124803379121156345889909323621043920263255482303808064960458746586554989386226315336680711444640861537733245193568612084910414149173932524548859429338516642972740690775904380076307199106104470684998798772889682090336178730552220144917826026630021905255063/500000000000000000000000000000000000000000000000000000000000000000000000000000000000000000000000000000000000000000000000000000000000000000000000000000000000000000000000000000000000000000000000000000000000000000000000000000000000000000000000000000000000000000000000000000000000000000000000000000000000000000000 -2159080807228761598893217267669526705326384137074824096937397153091768967872247823222967239085946639043595063887593571943367452051514874479367442871783157358289149795854293354281512628427991319550069820521631577804259707236933045111500126071806969342369642937124103180670256966060419637410488091807082206609733/5000000000000000000000000000000000000000000000000000000000000000000000000000000000000000000000000000000000000000000000000000000000000000000000000000000000000000000000000000000000000000000000000000000000000000000000000000000000000000000000000000000000000000000000000000000000000000000000000000000000000000000000
0 0

0 0

0 0

