1

0.147054485755168533217e0 -0.367451527739296144009e0
0.576244963336500497946e-1 0.636063739671840654350e0
0.100000000000000000000e1 0.000000000000000000000e0
0.187277364451781420934e0 0.369307075754274490584e0
-0.169764848853553493456e0 -0.136910243113305353819e0
0.326606851779477514196e-1 0.596189405359776081932e0
0.354006622603048663620e0 0.867929543569476501610e0
-0.211498417840751827905e-1 -0.741692217028391063391e-1
0.100000000000000000000e1 0.000000000000000000000e0
-0.108798237091721558771e-1 0.762241623885274200171e-1
