1                                                

0.706085218893692512004e0 -0.328171744797862119131e0
-0.379767196525704919558e0 -0.124144140767109790266e0
0.205507218247368339469e0 -0.411547139468353336526e0
0.100000000000000000000e1 0.000000000000000000000e0
0.157352365341763068482e0 0.369569586114241927660e0
0.100000000000000000000e1 0.000000000000000000000e0
-0.365790866204649729910e0 0.121848530967961238459e0
-0.222999505599878395810e0 -0.180126555435864858004e0
0.112371087781073704501e0 0.105323607169630716616e0
0.104677751160182404795e0 0.229159360367784321328e-1

