1                                                

-0.163114167257323117470e0 -0.833072078954361281290e0
0.377546221652974284196e0 -0.601117166437450635961e0
0.373908045951343601901e0 -0.749602237357551227578e0
0.100000000000000000000e1 0.000000000000000000000e0
-0.980910253273134737664e-1 0.120018440066580623878e0
0.100000000000000000000e1 0.000000000000000000000e0
0.724292549424319900418e0 0.242307039354406975360e0
-0.320878663117972649641e0 -0.456510210261000636781e0
0.701714507436818359998e0 -0.167930733746709569639e0
-0.156323951008570045698e0 0.120640733818859767743e0

