1                                                

-0.824969771298771958187e-1 -0.214802963742829821768e0
0.100000000000000000000e1 0.000000000000000000000e0
-0.137884220947388303095e0 0.705782082967334791813e0
-0.789445952942202766492e0 0.422285517644416863079e0
-0.149210667208485708236e-1 -0.473315743095039286238e0
0.100000000000000000000e1 0.000000000000000000000e0
0.191111067041090302104e0 0.227837792561635692712e-1
-0.392596541952301757573e0 -0.304133311922229690601e0
-0.157596177539370162205e0 0.929322386763015919977e-1
0.176353032969254520809e-1 -0.441414013612863380284e0

