1                                                

0.593431769453724709094e-1 -0.674106947066686687254e-1
-0.366812103887703916996e0 -0.509350506785681539433e0
0.168833494295914728254e0 -0.687009707673079376587e-1
0.100000000000000000000e1 0.000000000000000000000e0
-0.144621131508766324821e-1 0.191497189486741800136e0
0.601644953111031521994e0 -0.130731653435327935448e0
0.100000000000000000000e1 0.000000000000000000000e0
-0.647663070415266083025e0 -0.211465294895856489383e0
0.798497160204135207314e0 -0.342372740389412984365e-1
-0.153028682633478659239e0 0.486033865529247091609e0

