1

0
0.100000000000000000000e1 0.000000000000000000000e0
0.199145897953018326986e0 0.190649965782718704507e0
0.342675707218927599971e-1 0.982937252185994835387e0
-0.124510908394474080294e0 0.159190775648776101559e0
0.252656831911057080703e0 -0.176704184770724139007e0
0.190234018595574874905e0 0.783509246161555950331e0
0.149763017604103857014e0 -0.124735111499813552006e0
0.136026419530261733337e-1 0.135252451904280421760e0
0.100000000000000000000e1 0.000000000000000000000e0
0.528695370672354378870e0 0.382670190577760138982e0

