1                                                

-0.651617162855200789942e0 -0.344473426991959572475e0
-0.339706281694311547836e0 -0.728922497622119003465e0
0.377674729492358607591e0 -0.649163371694227987762e0
0.100000000000000000000e1 0.000000000000000000000e0
-0.246088519819369949177e0 0.185274890779016409819e0
0.709132651609781310381e-1 0.554488373881200288622e0
0.254129497051143669200e0 -0.118056723691209476180e0
-0.736565090194149772355e-1 0.167868049718986588463e0
0.100000000000000000000e1 0.000000000000000000000e0
0.389749056650737089945e0 0.472095667718598115695e0

