1

0.671492188950590379462e-1 0.291492025860403161620e0
0.100000000000000000000e1 0.000000000000000000000e0
0.406303816735893209584e0 -0.585161015409353811763e0
0.730711111582224340957e-1 0.729413823231372013029e0
-0.374599532486119715240e0 0.134122223137809928477e0
0.217299344179229931694e0 0.370768939025822993926e0
0.100000000000000000000e1 0.000000000000000000000e0
0.798244567962678246561e-2 0.499585866243166927719e-1
0.335970548254295484802e0 -0.937312843818260409004e0
0.101960650461477121314e-1 -0.460240945767216293478e-1
