1

0
-0.883517336026791305036649951899e-19 -0.117073215777055169136146187652e-19
0.100000000000000000000000000000e1 0.000000000000000000000000000000e0
-0.356453983123127281087410132385e0 0.813346430850878543108341970270e0
0.730711111582224342157009302780e-1 0.729413823231372013430779058666e0
0.810922822080111486536195432302e-1 -0.322766876158040584433252300702e0
0.255434196132812103462815305837e-18 -0.729585655919004546785282725068e-19
0.100000000000000000000000000000e1 0.000000000000000000000000000000e0
-0.791319151569581850827804817429e-19 -0.124832858532766620480388530164e-18
-0.292710801128752162610720529951e0 0.924947074987189976746562670162e0
-0.781642229207510579607331041219e-20 -0.108787998481313829621113486260e-18

