1                                                

0.100000000000000000000e1 0.000000000000000000000e0
0.501551015615691020942e0 0.690423981494791856551e0
0.166252986836502062028e0 0.417855852163816763917e0
-0.466955905979168654687e0 0.416288291343927199052e0
0.151444717976949448629e0 -0.874798429855520418724e-1
0.341638044163208443548e0 -0.818515486721633742139e0
0.100000000000000000000e1 0.000000000000000000000e0
-0.455042999206491117917e0 0.854112962146654286456e0
0.818437053883057485937e0 0.165624897112305133681e0
0.567792410037617322285e0 0.499472384134501612175e0

