6
0
0
52
2.809861954007051e-01 9.007345116119382e-02
-3.197923265375262e-01 -5.111566052144262e-01
-3.911206133678315e-02 3.024281273460713e-01
-9.856370215854900e-01 3.839356285906155e-01
-3.870987489669814e-01 3.318851555796127e-01
-4.096049882020879e-01 -3.315313311988168e-01
1.688305753616065e-16
6.659072427969610e+00
9.622389402934998e-17
9.765625000000001e-05
2.355217600204810e-14
0.000000000000000e+00
1
1
-1

2 0
2 6
2330219752793496370416272575067274809395662973210642114532224252484731562843212267381835993558848959472923958561118533446274949327970279582180054659265106785942721424981214203919274124143142200865743170791043555013437997208517142893037888668039475046733305906278795976175191610192280843066736766846343153641723/5000000000000000000000000000000000000000000000000000000000000000000000000000000000000000000000000000000000000000000000000000000000000000000000000000000000000000000000000000000000000000000000000000000000000000000000000000000000000000000000000000000000000000000000000000000000000000000000000000000000000000000000 -3710006170025756202712012287310011226236800825404299868417161970589368949431576448608153434671574106742546707511203076740294953627478006708640302059024168298424404663469561044711725037807668861045009787659638436450431626011897629506591867435086813498514149012633099392853676905792670119787149475362296082124307/5000000000000000000000000000000000000000000000000000000000000000000000000000000000000000000000000000000000000000000000000000000000000000000000000000000000000000000000000000000000000000000000000000000000000000000000000000000000000000000000000000000000000000000000000000000000000000000000000000000000000000000000
-8835819294673354128639861269548524092448275086434279967404508574818363760760843721836451118819130059239667144449913028565853843069762533220521015477970215546819844083198855699206511166357051664650271638626887205633741509808525252682561046546547372535833510963853281156465199174140756263586227213147195159951707/10000000000000000000000000000000000000000000000000000000000000000000000000000000000000000000000000000000000000000000000000000000000000000000000000000000000000000000000000000000000000000000000000000000000000000000000000000000000000000000000000000000000000000000000000000000000000000000000000000000000000000000000 863571602829935605301770638984659686055871096917327896785090050244276434201821973022158443833708386036989022913920290066179783902808357812813467538778481108161097939517190156393093942606524524707444821183849917983006234612829351569937491769525152148175596783969920610992578697032696454596362962469595161924241/1250000000000000000000000000000000000000000000000000000000000000000000000000000000000000000000000000000000000000000000000000000000000000000000000000000000000000000000000000000000000000000000000000000000000000000000000000000000000000000000000000000000000000000000000000000000000000000000000000000000000000000000
-278837569535627451766078620532652018161471810402821704351070695970071278374834025305676987371385519913107826104772173127295342344105809660680088381390283700438604501013015930781827045748829835460083396517356886330361911293449060016379353495246758211543706187448992738332642938619975826358545313989745343679051/1000000000000000000000000000000000000000000000000000000000000000000000000000000000000000000000000000000000000000000000000000000000000000000000000000000000000000000000000000000000000000000000000000000000000000000000000000000000000000000000000000000000000000000000000000000000000000000000000000000000000000000000 -1029061527924398814844520797088385311042909662579879983041578536790989923310339177724733563147715149754607790398202078603887652323406219457121679460869072367197854745195419056367277840473403446563552310629420637277026705668756066027397769072376422707889058285194808461863445622094633249654847000117937467175443/2000000000000000000000000000000000000000000000000000000000000000000000000000000000000000000000000000000000000000000000000000000000000000000000000000000000000000000000000000000000000000000000000000000000000000000000000000000000000000000000000000000000000000000000000000000000000000000000000000000000000000000000
0 0
0 0
0 0
0 0
0 0
0 0
-5925748935691041705741525323957280739560661348016293208037119041472763622055373263966888195999474021067612137688251894080214901945440683558843761895251001431452327061689951966040232117207773934777948993688921968551173320135482332971480048473224918363444442880811695169036066001124083902097592238002373835466173/10000000000000000000000000000000000000000000000000000000000000000000000000000000000000000000000000000000000000000000000000000000000000000000000000000000000000000000000000000000000000000000000000000000000000000000000000000000000000000000000000000000000000000000000000000000000000000000000000000000000000000000000 -1527926152612361320456630821514663066775446228343913247269015148537722120289108340855175144639724924548193266019945722714617857226693304798279772375646974098680756056942184428522790649977413611233682930095769721594002536301452533225938416431388132419746751406654836209905813426306136451124707102489156606406957/2000000000000000000000000000000000000000000000000000000000000000000000000000000000000000000000000000000000000000000000000000000000000000000000000000000000000000000000000000000000000000000000000000000000000000000000000000000000000000000000000000000000000000000000000000000000000000000000000000000000000000000000
-8205438417074981665719039121733124813260043031259220802968603430563363328894164440267801986181791875772633603021249950418796699853393715383370340320922466777676505112748091430329053287817737396045685644107729706355301642446753960774785928839511281255603413124634622179528239290665592777040186354588326292308629/10000000000000000000000000000000000000000000000000000000000000000000000000000000000000000000000000000000000000000000000000000000000000000000000000000000000000000000000000000000000000000000000000000000000000000000000000000000000000000000000000000000000000000000000000000000000000000000000000000000000000000000000 -2211401217929145596067039422376377322511141751460621093314242584469106143978920107683790767961718499856938462390006439170239231529559217260495680130193728963970221255722188547220330179373390226701683703231337552183902675550964144570767839168352506898290126910741341795381562385763045589447931076048151954018749/10000000000000000000000000000000000000000000000000000000000000000000000000000000000000000000000000000000000000000000000000000000000000000000000000000000000000000000000000000000000000000000000000000000000000000000000000000000000000000000000000000000000000000000000000000000000000000000000000000000000000000000000
8003433548299782892588026479765670351024142435791552255845758940857871453648873658035125125448154781143877211515987011439179015806202643574894761815600920797699715137843618159294614417187411060555809569228702203172365212280857681087157865845058107693801180796607415560807371096038413710931725421998140670077337/10000000000000000000000000000000000000000000000000000000000000000000000000000000000000000000000000000000000000000000000000000000000000000000000000000000000000000000000000000000000000000000000000000000000000000000000000000000000000000000000000000000000000000000000000000000000000000000000000000000000000000000000 1792398166073272184187765115250681669910651918613843748831424574162228922078010237434533854399671193491860448398415005603364106921916561629415148849178806038286273794705690691721328791649707474714660498081951529439686693113581287863772426151921708963521729581709161206670967121755196712355130288843237234753817/10000000000000000000000000000000000000000000000000000000000000000000000000000000000000000000000000000000000000000000000000000000000000000000000000000000000000000000000000000000000000000000000000000000000000000000000000000000000000000000000000000000000000000000000000000000000000000000000000000000000000000000000

-1
3779551539302581660247588950749007171437636485112277687444976435452531197686038946945099352031669147300992357629978411838830118759394051429434699409571039437264418929162674981133993047638380138977800024754140592113836560910644185037479902158072544488735877681552712487463273327269771081004018335960993381192547/10000000000000000000000000000000000000000000000000000000000000000000000000000000000000000000000000000000000000000000000000000000000000000000000000000000000000000000000000000000000000000000000000000000000000000000000000000000000000000000000000000000000000000000000000000000000000000000000000000000000000000000000 -7747242964459602349985957627225483564880979235855129793209567431964231588130856536285516422634976368744700011025924003224175338387834570215165241668423917389214837860227757210782275811008622290432142583547969052408517544645682406338359587184063375375161281210784854979049951464295916495962887703658169144452709/10000000000000000000000000000000000000000000000000000000000000000000000000000000000000000000000000000000000000000000000000000000000000000000000000000000000000000000000000000000000000000000000000000000000000000000000000000000000000000000000000000000000000000000000000000000000000000000000000000000000000000000000
0 0

0 0

0 0

