1

0
-0.7773014672004800759815737092480716068982e-20 -0.3595610431316540925330186755476637984170e-20
-0.4175384185482691329792852032983458493615e0 -0.5532194723498966481173505254379401400124e0
0.1256950353221411315590267897161298812068e0 -0.7118112572158785067886206590143476542310e-1
0.1000000000000000000000000000000000000000e1 0.0000000000000000000000000000000000000000e0
-0.2727725036511304851954069596229925693647e-1 0.2066191467498658212151589132140407391500e0
-0.1287511452593359011198482436627943078871e-19 -0.8916122055002479897465665823423994763577e-20
-0.1648901455456306707355210852841579287616e0 0.7170596699506621045264640253890727552506e0
-0.3049906555374313593487880065802067809672e-19 -0.3735172843663641407664665906823744106300e-19
0.1000000000000000000000000000000000000000e1 0.0000000000000000000000000000000000000000e0
0.8232972537315990494386752008497725023759e-19 -0.1412208184063846155797635997014639099105e-19

