1                                                

0.112804020516563736342e0 0.215314429332511911476e0
-0.353524333893433699593e0 -0.442130039356163441152e0
0.388420421430176139967e0 -0.190174203939338351999e0
0.100000000000000000000e1 0.000000000000000000000e0
-0.140752844541891488378e0 0.261887545803624332945e0
0.587051430580110398909e0 -0.165969572822539909488e0
0.231178550782474538804e0 0.509273697060962213050e0
0.216032990330502913074e0 -0.154066464129898183654e0
0.100000000000000000000e1 0.000000000000000000000e0
-0.438212843908382673096e0 0.712117661402036832230e-1

