1                                                

0.862389709352161641935e-1 0.481217980833845107092e0
0.100000000000000000000e1 0.000000000000000000000e0
0.256776809190231660596e0 -0.117768860068346239039e0
-0.361177057963722783219e0 0.859166606507640890061e0
-0.357424763103350018963e0 -0.559679034533568835544e-2
0.617712495246523707261e0 0.532619212456952920783e0
0.768790790585386289930e0 0.606656818253939878372e0
0.356887063063841776197e0 -0.653779758773822279269e0
0.100000000000000000000e1 0.000000000000000000000e0
-0.437179730446582036384e0 0.480565545613415624852e0

