4
0
0
52
-2.074208228988001e+00 5.692110722679002e-01
1.294850301862555e+00 -8.212548395514000e-01
1.294850301862555e+00 -8.212548395514000e-01
-8.734269469819410e-01 -6.866001213087761e-01
8.484020336478177e-16
3.466928271358879e+01
1.323506699854306e-15
2.441406250000000e-05
4.684036072284179e-15
0.000000000000000e+00
1
1
-1

2 0
1 4
6419872214585541144254897138057465553267352148265617484813949413027976208886663806687805896283381145553170068267639549453568465830201894241119347393602715299905267730387233296037073817992153245067393032717651866985785411822703947489275383064081180567016143150539995357947591344999282413105919928157304984532079/10000000000000000000000000000000000000000000000000000000000000000000000000000000000000000000000000000000000000000000000000000000000000000000000000000000000000000000000000000000000000000000000000000000000000000000000000000000000000000000000000000000000000000000000000000000000000000000000000000000000000000000000 1055272795446345744681136087634589391400386950726836966401851647968949584893558797529790926297858375131875650049954684379728936898165136058704947175838275783149871506217718302065541614806525943019612651392265550033267008786729777445231922869266141528028483108588131415328442745776927398716499301430689215721099/1250000000000000000000000000000000000000000000000000000000000000000000000000000000000000000000000000000000000000000000000000000000000000000000000000000000000000000000000000000000000000000000000000000000000000000000000000000000000000000000000000000000000000000000000000000000000000000000000000000000000000000000
-1857986402578120817699828716521903782010913717178478412888403823648304745110182850096696884786355905510585599677345828521259784138985147923206177702373821489893541799078640421555945883496481087791009685820921853201411513242660962555708673475274915692081594982211846476553751150938409506565573111960482279824501/20000000000000000000000000000000000000000000000000000000000000000000000000000000000000000000000000000000000000000000000000000000000000000000000000000000000000000000000000000000000000000000000000000000000000000000000000000000000000000000000000000000000000000000000000000000000000000000000000000000000000000000000 4790511104476355461791379114511679185113417032448976616572260095469983267608156441228179283525823112808690955038915401307471603558358012048939114443092221985140195869082080026914364388396903134871334636042412171383916782843576800575218485313826573730211606819312316207333188448514319466932266377484837313622329/5000000000000000000000000000000000000000000000000000000000000000000000000000000000000000000000000000000000000000000000000000000000000000000000000000000000000000000000000000000000000000000000000000000000000000000000000000000000000000000000000000000000000000000000000000000000000000000000000000000000000000000000
30781282856847132471721722586411650000024475728313529364587831212463616588767507944303523819854195725289271875107018797121411987225348670782389674344698573293369710355317957170236081425477795110084835192133880917469765812168015177161383697157322359604963934597914978438448782031420153050796805722117981135027/62500000000000000000000000000000000000000000000000000000000000000000000000000000000000000000000000000000000000000000000000000000000000000000000000000000000000000000000000000000000000000000000000000000000000000000000000000000000000000000000000000000000000000000000000000000000000000000000000000000000000000000 5259376192489030506089581085866560156509444744353056691925330210253954836534948440534216291515090138148544517174196581916064015521438461548951749302696444255926749553059838966327371279434532189266337611934341597113939257237338626608132199489847567443836520326368423963502799673390833776708760948220768292433039/10000000000000000000000000000000000000000000000000000000000000000000000000000000000000000000000000000000000000000000000000000000000000000000000000000000000000000000000000000000000000000000000000000000000000000000000000000000000000000000000000000000000000000000000000000000000000000000000000000000000000000000000
-6458008997669825293004585242285451654703087756908287459614664021876550261448430784023612211310867482225529766316866002321186576715060214693379692025473196135334200374534388693733526244413127604413051663493380221795656100822977057955928096752746772474767429864441871734206743455088180798358129660228934857350877/10000000000000000000000000000000000000000000000000000000000000000000000000000000000000000000000000000000000000000000000000000000000000000000000000000000000000000000000000000000000000000000000000000000000000000000000000000000000000000000000000000000000000000000000000000000000000000000000000000000000000000000000 74555039912568734235377001212534163680648504053403189603224983486996613255396591033591711956319308725830887152107458454586388351695570478480205765919387117640382364369577768685260477527930622169369506316257735183633021773400097553734213944477341017440378708401787939773038548818292510711481754480178301216881/100000000000000000000000000000000000000000000000000000000000000000000000000000000000000000000000000000000000000000000000000000000000000000000000000000000000000000000000000000000000000000000000000000000000000000000000000000000000000000000000000000000000000000000000000000000000000000000000000000000000000000000

-1
458906364092072937656410038593571519941909442688486971343010785906737727246358890720309783635374701644625451528692830599335443501162565891554420928687771456194744972513592613353879757430964242233195616519850060221668413233214354134860620163154863534744806833050532341579764926856743858437834610288605980097709/1000000000000000000000000000000000000000000000000000000000000000000000000000000000000000000000000000000000000000000000000000000000000000000000000000000000000000000000000000000000000000000000000000000000000000000000000000000000000000000000000000000000000000000000000000000000000000000000000000000000000000000000 -6070844809274315249497109252730682815470268156618668756644504183382150654896741397834932309505151791609684712849756495093435957628051175557369731275762765567197352463222190264378534049657786247155506263855400761905521692174142217016353982360907507867204063514320750171154478033642513919775373654861315169521197/10000000000000000000000000000000000000000000000000000000000000000000000000000000000000000000000000000000000000000000000000000000000000000000000000000000000000000000000000000000000000000000000000000000000000000000000000000000000000000000000000000000000000000000000000000000000000000000000000000000000000000000000
0 0

0 0

0 0

