1

0
-0.791546423768040401225761279951e-19 -0.116772538035559836518585066631e-18
0.100000000000000000000000000000e1 0.000000000000000000000000000000e0
0.498539595429319788697516030467e0 -0.481491500877329610115522992311e0
0.730711111582224339129819797589e-1 0.729413823231372012358867226738e0
-0.586753833630454657880120528795e0 0.197956532982469743082034988959e0
-0.476944029843946992703976086546e-18 0.138502134197180142644374021639e-17
0.100000000000000000000000000000e1 0.000000000000000000000000000000e0
-0.261685514607572097346373615614e-18 -0.251397413909916295770980631256e-18
0.292710801128752163173184412349e0 -0.924947074987189976474885262610e0
0.316836754355328304852299167415e-18 0.425507264591066944014248352405e-18

