1                                                

0.601730238426364898288e-1 0.586153441575465855400e0
0.100000000000000000000e1 0.000000000000000000000e0
0.657997792520743254960e0 -0.242880593308480142648e0
0.730711111582224340753e-1 0.729413823231372013029e0
-0.581141501664208390482e0 0.813400197398888502511e-2
-0.311757642856638622143e0 -0.774467458699806231010e0
0.100000000000000000000e1 0.000000000000000000000e0
0.186279382094444558645e-2 -0.267180238079238043718e0
0.618063135689501698454e0 -0.674059156078112696735e0
-0.161028288632500227501e0 0.162338925389870119217e0

