1                                                

0.521646434659323861337e0 0.368243739796100565700e0
-0.162377667060364641941e0 -0.673861316576993993940e0
0.541286368259021663540e0 -0.656842983650791866954e0
0.100000000000000000000e1 0.000000000000000000000e0
-0.250729881342425337041e0 0.497650232373331466147e0
0.223174174486493155653e-1 -0.531218824049303649216e0
0.476913337607072076448e0 0.120933838209108257948e0
-0.347514177724813220355e0 -0.207110664224301067502e0
0.100000000000000000000e1 0.000000000000000000000e0
-0.243061761202854728143e0 0.730039758290677165116e0

