1

-0.930286753999209679275e-1 -0.188772017541913905909e0
0.100000000000000000000e1 0.000000000000000000000e0
-0.864445424623349949157e-1 0.670469784730315967222e0
-0.857299508764191873611e0 0.480699854812625754056e0
-0.545470812197750498315e-1 -0.466517809297266693722e0
0.100000000000000000000e1 0.000000000000000000000e0
0.191111067041090302090e0 0.227837792561635692611e-1
-0.392596541952301757600e0 -0.304133311922229690601e0
-0.157596177539370162191e0 0.929322386763015919841e-1
0.176353032969254521080e-1 -0.441414013612863380257e0
