1

0
0.508603811857088959050e0 -0.124029011702901979206e0
-0.417714143823606192513e0 -0.362080451298356789842e0
0.110971703108481719528e0 -0.510482246459102672947e0
0.100000000000000000000e1 0.000000000000000000000e0
0.707310623029828257265e-1 0.427842535457687102947e0
0.100000000000000000000e1 0.000000000000000000000e0
-0.346766320462744154316e0 0.104619707167727832645e0
-0.370049473733032450437e0 -0.215052751467788641184e0
0.549534666394345873756e0 0.855732292236778015453e-3
0.457842277744378144789e0 -0.399536003601030851305e0

