1                                                

0.377154548556839286133e0 -0.608399379803637806825e-1
-0.634763282565296707365e0 -0.398456173315106810195e0
0.228265221770062285182e0 -0.436424564668499212684e0
0.100000000000000000000e1 0.000000000000000000000e0
0.113265310124300750831e-1 0.409259438961401544958e0
0.100000000000000000000e1 0.000000000000000000000e0
-0.202035751358956359422e0 -0.185768126786053110189e0
-0.152840035587834829000e0 -0.336965345530904279736e0
0.228321347167541208596e0 0.104736628361771216044e0
0.240957515424606764589e0 -0.205827031061007778475e0

