1                                                

0.596461139198569507947e0 -0.277161295837478195827e0
-0.139635257085936090885e0 -0.385398258026857358987e0
-0.744059822186677188459e-2 -0.561293016939300136990e0
0.100000000000000000000e1 0.000000000000000000000e0
0.131122354682240991610e0 0.409021751317206899126e0
-0.343506618220778670741e0 -0.407532547430859718845e0
0.158150856566855723008e0 -0.219679967920804051994e0
0.100000000000000000000e1 0.000000000000000000000e0
-0.281667160257654156444e0 -0.515519287518353228766e-1
-0.907611814254209467098e0 0.395190754867854128100e0

