10
0
0
64
0.226065942796329280096e1 -0.654854725133706503396e-1
0.823111956446156143428e-1 -0.140712712352085014442e1
0.738806526142764610819e0 -0.178324530374884235220e1
0.315902730812906039240e1 0.135813479966542478611e1
-0.141287575136612330855e0 0.147019271493785421508e1
-0.497546084842653647302e0 -0.185464057446123843821e0
0.296916943044497698706e-1 -0.268029596355964028193e0
0.867690025546014170540e0 -0.489504015718611311685e0
-0.269634661621500330641e0 0.931461116665530578410e-1
-0.594078256813415343947e0 0.787182703977926853482e0
4.33680868994202e-19
9.540358686922769e+01
6.52440963591237e-19
2.44140625000000e-5
2.06980413604085e-17
1.000000000000000e-01
1
1
-1

2 0
2 10
-300179011370192476658060073773987249761677237255432946491435389574914775100172007786872810925162197045389303864802208177741178205120179134744142564413605981471574121130524644878793365812983283633239938558995446140494925683664372513369937672976350115016681964621261454505387745739480256938742125224341227136887/2000000000000000000000000000000000000000000000000000000000000000000000000000000000000000000000000000000000000000000000000000000000000000000000000000000000000000000000000000000000000000000000000000000000000000000000000000000000000000000000000000000000000000000000000000000000000000000000000000000000000000000000 -1951435837980361170681565092207246243682181729390815898272979898451493267855434147808015451073729708428499294132132108394593773555312264611514372885304325274572484540473916894723797860330800318413572548594696075719960951820681639152953622310649067695279092732538559454841318705064706743392516240713561126566723/2500000000000000000000000000000000000000000000000000000000000000000000000000000000000000000000000000000000000000000000000000000000000000000000000000000000000000000000000000000000000000000000000000000000000000000000000000000000000000000000000000000000000000000000000000000000000000000000000000000000000000000000
-1240777881219302750361354218955870685701766024474763659238055096665913058876959930392714077715834352255612709774490671311675481297844467362971399468332997961362341415366486998172292778366399610295272482704488580626192341170161401596791337783072934083121635630994739586313885272244198423660275120016798193006479/2500000000000000000000000000000000000000000000000000000000000000000000000000000000000000000000000000000000000000000000000000000000000000000000000000000000000000000000000000000000000000000000000000000000000000000000000000000000000000000000000000000000000000000000000000000000000000000000000000000000000000000000 -1798743232083419460991368791638804257225742248059281784760009769688506775579680653674143557545100065930050872136991131617549762996108323663382203696112977752902698655167412771087329913101416650095874279681195325412454197947272347516100235217973524535792300182926305154409241707957200407088482377297760884430057/2500000000000000000000000000000000000000000000000000000000000000000000000000000000000000000000000000000000000000000000000000000000000000000000000000000000000000000000000000000000000000000000000000000000000000000000000000000000000000000000000000000000000000000000000000000000000000000000000000000000000000000000
-4959785113806915530523224899636609293127272508963972424259785944375045008020070605490352534893388410864034075737539938081035072325303449772071309117640878251234892151839241938759749452234771912588482503245340505403225624439560605227662092077032906905784012310506230709359030278456975109991687041629616527270151/5000000000000000000000000000000000000000000000000000000000000000000000000000000000000000000000000000000000000000000000000000000000000000000000000000000000000000000000000000000000000000000000000000000000000000000000000000000000000000000000000000000000000000000000000000000000000000000000000000000000000000000000 -1301629905158055920972872143514034225950607521490318936834234288758344167152231657776275433181882183781605157489166091690801556218914896741581631385061725037793039197350052467170088471662622989460632444334707086470523668662803661539737492400215276372426856008498775074669562891031842380103159698476472090999089/20000000000000000000000000000000000000000000000000000000000000000000000000000000000000000000000000000000000000000000000000000000000000000000000000000000000000000000000000000000000000000000000000000000000000000000000000000000000000000000000000000000000000000000000000000000000000000000000000000000000000000000000
920902629478292433617685700902564483757856513206722078543367944360840114463876056861649464436516525387226416836153571942398759509568894327642743944921211030288149969824005419281774400341096977560540972439228001095635122743152083575363984191024952179357038539378499382345181663732770806575616202851970124895753/2000000000000000000000000000000000000000000000000000000000000000000000000000000000000000000000000000000000000000000000000000000000000000000000000000000000000000000000000000000000000000000000000000000000000000000000000000000000000000000000000000000000000000000000000000000000000000000000000000000000000000000000 -1002463101075760841336050894620137924892541320056825938984557359852978332031887091492804523087143082640443777014516457245209712101271907092017320966879355970833230416391811494424436754831450900424163083769290843010932875701909258832895912821659259538894528426874774715144890981010924926478347383722275085709701/1250000000000000000000000000000000000000000000000000000000000000000000000000000000000000000000000000000000000000000000000000000000000000000000000000000000000000000000000000000000000000000000000000000000000000000000000000000000000000000000000000000000000000000000000000000000000000000000000000000000000000000000
4148012208172573352559638235517587776114294711718340654965535774748702569716444772711072044372335115268139757476848367869966034233405706359943448857885108615599775230738197316478616650298209219683219411456937783098305830447304001577598452781893534980345629988911025634327299759858665731091054642695675400805747/5000000000000000000000000000000000000000000000000000000000000000000000000000000000000000000000000000000000000000000000000000000000000000000000000000000000000000000000000000000000000000000000000000000000000000000000000000000000000000000000000000000000000000000000000000000000000000000000000000000000000000000000 -5890822756261826923278439854153697518358001093027766446558786146448276401813580287345522669914429740632434935918237735093340129207616356275068686027136701993539852569177726957910008017317751054881726462732923914409848205875980151958724724571875437864907322940515834279078973503559439344741596657830090421492411/10000000000000000000000000000000000000000000000000000000000000000000000000000000000000000000000000000000000000000000000000000000000000000000000000000000000000000000000000000000000000000000000000000000000000000000000000000000000000000000000000000000000000000000000000000000000000000000000000000000000000000000000
0 0
0 0
0 0
0 0
0 0
0 0
0 0
0 0
0 0
0 0
3696815587127802215009721171997147533593491692128028468098078770058010836932613391158906291436842128786145075739031386012841692404863044163426440853042408175685330671306916740543060226644347953473345699921848964127686283862007125032368335023556793060636432426864987395033331985784315597279423676284482619963313/5000000000000000000000000000000000000000000000000000000000000000000000000000000000000000000000000000000000000000000000000000000000000000000000000000000000000000000000000000000000000000000000000000000000000000000000000000000000000000000000000000000000000000000000000000000000000000000000000000000000000000000000 -1563406471870159699068392451056148161321114461020872505512519881206582737680511336327534948229832436161579516080500562531899702237358437625017990663268347378166373444468664512984696436123889229136502892482655176095657047027458236561126762567901111429230046189467517655892554506396094136695557662000968306078831/2500000000000000000000000000000000000000000000000000000000000000000000000000000000000000000000000000000000000000000000000000000000000000000000000000000000000000000000000000000000000000000000000000000000000000000000000000000000000000000000000000000000000000000000000000000000000000000000000000000000000000000000
6683127238752458415079463640207574555705413214967340234798849573349468202928338629807701915744415540955125138278354237773947016687851713062282974039652938801469807011094617796324011941084753631453872106137339206166867367369656229712556299991814139940224917739662423692764462312709582911853066630204818242862233/10000000000000000000000000000000000000000000000000000000000000000000000000000000000000000000000000000000000000000000000000000000000000000000000000000000000000000000000000000000000000000000000000000000000000000000000000000000000000000000000000000000000000000000000000000000000000000000000000000000000000000000000 -1952659044949624556376556248519823868042422472877137577147735401706863850325444869099824623230633443403649000176678928883428869122504458917352221879874034602991498407157180178977512405302273409585245314396041892430433118460012262204789350554511823229678206424304911470573044946800763871927318928337599264406383/2500000000000000000000000000000000000000000000000000000000000000000000000000000000000000000000000000000000000000000000000000000000000000000000000000000000000000000000000000000000000000000000000000000000000000000000000000000000000000000000000000000000000000000000000000000000000000000000000000000000000000000000
5895468331730192659310630842120171351850258541017738998567525567369234325579888613785576293586130449067870007172639177063668723112028315707764244538520433767777156606372992477515979975170323499273981308020119729614630861826042597753041203019840673515896001759852114046511947056946997144222081024504095086317887/10000000000000000000000000000000000000000000000000000000000000000000000000000000000000000000000000000000000000000000000000000000000000000000000000000000000000000000000000000000000000000000000000000000000000000000000000000000000000000000000000000000000000000000000000000000000000000000000000000000000000000000000 2189613515963721131614779236206990534263517264484847263609325955737844466398439285608578232119006368802816687013909014555305204280746536585749365787991357025233517851720957399517013515244074821222543128302650971513066528448902296809057084585788453935034539657978339520969460247272452653351681281224349723991199/2500000000000000000000000000000000000000000000000000000000000000000000000000000000000000000000000000000000000000000000000000000000000000000000000000000000000000000000000000000000000000000000000000000000000000000000000000000000000000000000000000000000000000000000000000000000000000000000000000000000000000000000
-1932033680765455708201980868684088765769443941685656659894171717466833354986530516598652129710726633051775112044576589952150952503958226601844522216618799070358479911972939499540806838002938599793632325730474885077660114026884628857956209221037055075927315790254750058154824188143895126284037018799764975691387/10000000000000000000000000000000000000000000000000000000000000000000000000000000000000000000000000000000000000000000000000000000000000000000000000000000000000000000000000000000000000000000000000000000000000000000000000000000000000000000000000000000000000000000000000000000000000000000000000000000000000000000000 -1671270760145953534834592815564024095409104009146014677305051387646054894726087365662313678605784456703994631110112735386638374713869355535744215318151760233398234696416679282629690172061794082790659850729147630342639442668868086967412173259092186145416005092468618840039787677842715285951498036074456563804897/2500000000000000000000000000000000000000000000000000000000000000000000000000000000000000000000000000000000000000000000000000000000000000000000000000000000000000000000000000000000000000000000000000000000000000000000000000000000000000000000000000000000000000000000000000000000000000000000000000000000000000000000
-4339344756552770418031480854674163642315832570982605549811010903599702476720624426818911972578671885023426350297786264652751441377315073854842007003110275793103117285120750135987439971285253907083142767835373923457879996069072867240680778996309346368395048061948179189409226984209082527707016509785869060140753/5000000000000000000000000000000000000000000000000000000000000000000000000000000000000000000000000000000000000000000000000000000000000000000000000000000000000000000000000000000000000000000000000000000000000000000000000000000000000000000000000000000000000000000000000000000000000000000000000000000000000000000000 -327545429130889716570350838197581472581421116119973969546513786963967037364499274439234215408167043337967901583351224599248473640251950882592595111495279037456353206025193656657514047364893932497866407313947928643103258782892246900602248113880641338442550623452891827339724360378408232839450251750721210828989/2500000000000000000000000000000000000000000000000000000000000000000000000000000000000000000000000000000000000000000000000000000000000000000000000000000000000000000000000000000000000000000000000000000000000000000000000000000000000000000000000000000000000000000000000000000000000000000000000000000000000000000000

-1
1150980878213940662379161721006387355600865323091861414916853241347797558913273695168974172889017936632511297926492822463839551270867324270941582527823806849953452758186571345670996783874741370589168330339795624793124757521799618755942759872120310209695776602510847267111224258771649693256128769694392332869021/2000000000000000000000000000000000000000000000000000000000000000000000000000000000000000000000000000000000000000000000000000000000000000000000000000000000000000000000000000000000000000000000000000000000000000000000000000000000000000000000000000000000000000000000000000000000000000000000000000000000000000000000 2394062210802256248827930720150711628947504529279965054808181806750087841867900250137426956356191851380477674221490251728243001811763552981529965918746378779348455477916863552055333200982641383015857213977567971425633784690237020942508187638882512658379394371221401633257105192454890209637922101103163323800133/5000000000000000000000000000000000000000000000000000000000000000000000000000000000000000000000000000000000000000000000000000000000000000000000000000000000000000000000000000000000000000000000000000000000000000000000000000000000000000000000000000000000000000000000000000000000000000000000000000000000000000000000
0 0

0 0

0 0

