1                                                

0.896027977120624838890e0 -0.455742253005659043731e-1
-0.217082993510643967107e0 -0.175037557582411180349e0
-0.119665552105609602603e0 -0.628462571643325158561e0
0.100000000000000000000e1 0.000000000000000000000e0
0.202322784459651321679e0 0.542470782197536832811e0
-0.623691587545676188727e-2 0.613215764517732440616e0
-0.190399617633707802424e0 0.108820389018139414809e0
-0.711106130415050233945e0 -0.258920444916436770738e0
0.205669617908555786616e0 -0.583632415465051310478e-1
0.100000000000000000000e1 0.000000000000000000000e0

