1                                                

0.904483631400038466097e-1 -0.540720341522253409856e0
-0.701331757540563627198e0 -0.571842858162102382895e0
0.499847653390322182565e0 -0.109324196777833791439e0
0.100000000000000000000e1 0.000000000000000000000e0
-0.198215931965521115006e-1 0.150709402862864198956e0
0.755039520173878054266e-18 -0.383543667983052254928e-18
0.397396197539290883447e0 -0.563999552415140248862e0
-0.333750907385914845333e0 -0.708705505490916551261e0
-0.802805603114566041661e0 0.491264836888342379731e0
0.100000000000000000000e1 0.000000000000000000000e0

