1                                                

0.263333677944350147041e0 -0.627412498095874681411e0
-0.802926173249008558316e0 -0.465624132498128335004e0
0.525394645378669548387e0 0.458423595848594623789e-1
0.100000000000000000000e1 0.000000000000000000000e0
0.568435202576615136509e-1 0.124501882752037257659e0
-0.354954498710508546249e0 -0.651585268225988266464e0
-0.383401828558225410144e0 0.752215700918837078606e0
0.595204795108457452809e0 0.599585754696414352418e0
0.100000000000000000000e1 0.000000000000000000000e0
-0.879637468855089610397e0 -0.321067244318779782285e0

