6
0
0
52
-4.997299596189528e-02 -3.438788177303732e-01
-2.316316840077556e-01 -8.586606089490990e-01
-3.039509381211139e-01 2.172037925869056e-02
2.539779421592187e-01 -3.655991969890638e-01
-9.007898822523851e-02 -3.339235701468706e-01
-1.415526957825171e-01 -5.247370388022283e-01
2.918925108770394e-15
1.910868916894549e+01
1.980249742108058e-16
1.562500000000000e-03
9.345595760210171e-12
0.000000000000000e+00
1
1
-1

2 0
2 6
-7015193674182926843325396628005200735319950647144588679912700862781217931399786945696734964265102806871712486361821260357133967583758971825531135219821541286561280310049084205447283829919016896549693753017563307061354596266291636866308405851879686925605754880591597843303785183126198225156058673348725788525607/10000000000000000000000000000000000000000000000000000000000000000000000000000000000000000000000000000000000000000000000000000000000000000000000000000000000000000000000000000000000000000000000000000000000000000000000000000000000000000000000000000000000000000000000000000000000000000000000000000000000000000000000 7189762721497115818736069176351290868561865348005703277694096841947343311282936538774964349604916346196173067838380116410020082161116137059512472454230573898234357104527130930031079044482753234903408586148208630944192640531087091126901840425196145133706233944624191076791975288070496435637461471500340557379369/10000000000000000000000000000000000000000000000000000000000000000000000000000000000000000000000000000000000000000000000000000000000000000000000000000000000000000000000000000000000000000000000000000000000000000000000000000000000000000000000000000000000000000000000000000000000000000000000000000000000000000000000
0 0
-3782303510419481822257964637799188606433187941535421210016426203325868794056992104124089437262936320709679815341797190786289733022499465807669349094686617162631538247708009629032820960477502776678935510633307577961622100352281304187759523812965578784144484355742236787801673750304562800973502255734994055725347/5000000000000000000000000000000000000000000000000000000000000000000000000000000000000000000000000000000000000000000000000000000000000000000000000000000000000000000000000000000000000000000000000000000000000000000000000000000000000000000000000000000000000000000000000000000000000000000000000000000000000000000000 934448416006356126812429179307203269784468569990289758005942228713016554309246004904198785924144037576700798124966904188134369241180187381256374457618959471083810023928899691129570763665066668860697562326708684846917442268681260213273810372553431526712368009848957931274211720462299605884180492562965284582287/2000000000000000000000000000000000000000000000000000000000000000000000000000000000000000000000000000000000000000000000000000000000000000000000000000000000000000000000000000000000000000000000000000000000000000000000000000000000000000000000000000000000000000000000000000000000000000000000000000000000000000000000
181153762691407078541645134115157169598751652512913663471345333583606910684393920122490612995928980434906464666744422640468120597727120307489172319249109936220109776151745577700794264983745876640633934057952620956678402049996720359811705716893675363942127871342068051734749865240512222205641767896547582449917/250000000000000000000000000000000000000000000000000000000000000000000000000000000000000000000000000000000000000000000000000000000000000000000000000000000000000000000000000000000000000000000000000000000000000000000000000000000000000000000000000000000000000000000000000000000000000000000000000000000000000000000 1717111936362548735473567000921381848999184220003702364445413267281572124582190278558509069635815749305411482078010934571674833062716022406152292159581936653878083719739086263833502325986646253278647770066230443340575935907591301947832360631818823541318167535417924430444795062454619034604077741192869459958249/2000000000000000000000000000000000000000000000000000000000000000000000000000000000000000000000000000000000000000000000000000000000000000000000000000000000000000000000000000000000000000000000000000000000000000000000000000000000000000000000000000000000000000000000000000000000000000000000000000000000000000000000
0 0
0 0
0 0
1096929861602367285157583866883222632851554599550923360073441643395101339367898956059014152001411434257980353962660597401797680812397926641355599000431984439221022104617235773162781081363183508603930641774001231893160939047937168309210569560028061504401662190685222529166286525731107687051414674237789356671159/10000000000000000000000000000000000000000000000000000000000000000000000000000000000000000000000000000000000000000000000000000000000000000000000000000000000000000000000000000000000000000000000000000000000000000000000000000000000000000000000000000000000000000000000000000000000000000000000000000000000000000000000 8687714359632311452036425437987297021813571685126194552809020665785723755453526431749361759665307355107282385161411407667250874900934112760617366589993994922250431275396646706745652439152405065696738748044881545420292121253156642873787379664142895826747800365992986863409369993898143873284813093089646484888033/10000000000000000000000000000000000000000000000000000000000000000000000000000000000000000000000000000000000000000000000000000000000000000000000000000000000000000000000000000000000000000000000000000000000000000000000000000000000000000000000000000000000000000000000000000000000000000000000000000000000000000000000
0 0
0 0
1807947614093195150293561375539958187124812257045337774039583984609797979814526238175114003416588483772177565385605414971273557567451747698106291792083503444815392647020330738663809309172878250613265967004242550252556024650656895924766363620240974871602360051337542869013359985870106365896399389836199279859861/5000000000000000000000000000000000000000000000000000000000000000000000000000000000000000000000000000000000000000000000000000000000000000000000000000000000000000000000000000000000000000000000000000000000000000000000000000000000000000000000000000000000000000000000000000000000000000000000000000000000000000000000 7739266904622014767361065134986831717943043370390615394685031805508311139373999165291524335937329620813550915769861343472919690766318839635015706938356836387065850216787233183450050135506295848401327940236649113262933113046344365617629807325542368473252567785347031447626375863293670754523948853646283884552939/10000000000000000000000000000000000000000000000000000000000000000000000000000000000000000000000000000000000000000000000000000000000000000000000000000000000000000000000000000000000000000000000000000000000000000000000000000000000000000000000000000000000000000000000000000000000000000000000000000000000000000000000
-4444062214054465291839196673680626050284410734011044770782358797302281426432951372458710431894753913767880333570811079597637031253269090557026032594942483977301169632380868348638614279151916273641102327312784386356106197776333060641202338095275404116837132919462395676733014772950485824808301429794742696455563/5000000000000000000000000000000000000000000000000000000000000000000000000000000000000000000000000000000000000000000000000000000000000000000000000000000000000000000000000000000000000000000000000000000000000000000000000000000000000000000000000000000000000000000000000000000000000000000000000000000000000000000000 -55072141860778522346782858436469898004031401088174817495597773943857650003088914366951382467184116182315892793930842129099619939583317269076447603796349666932979521028064486710162936868565176472068564032152857531430360989955286549682507112634078856352914138885668678798073841171934917671722791384043207508089/400000000000000000000000000000000000000000000000000000000000000000000000000000000000000000000000000000000000000000000000000000000000000000000000000000000000000000000000000000000000000000000000000000000000000000000000000000000000000000000000000000000000000000000000000000000000000000000000000000000000000000000

-1
-3295461779506585038280316716234278449119307625011756278685290563876230825954012295054033768273174164783269616977344872957961581410479954588173508536449013026243989422026660577847069191468553877599957259431006196497523834150209043368495751786942768884571912996302787761438645974091401497687417816615293772983477/5000000000000000000000000000000000000000000000000000000000000000000000000000000000000000000000000000000000000000000000000000000000000000000000000000000000000000000000000000000000000000000000000000000000000000000000000000000000000000000000000000000000000000000000000000000000000000000000000000000000000000000000 3559376378692651901050657905873235884400914307889913760633216970384652581246391081018170022718754479731472292486594428872304241630854621893830200521799533286602556808685303465758933238923891060159284911157352293114130321147547422409387464620849203059067008593485460147829847251863794283889707700142876235948247/10000000000000000000000000000000000000000000000000000000000000000000000000000000000000000000000000000000000000000000000000000000000000000000000000000000000000000000000000000000000000000000000000000000000000000000000000000000000000000000000000000000000000000000000000000000000000000000000000000000000000000000000
0 0

0 0

0 0

