1

0
-0.164072701924647506653e0 -0.669973139569452672275e0
-0.417538418548269133477e0 -0.553219472349896648094e0
0.631078644329340644943e0 -0.320571691026762280115e0
0.100000000000000000000e1 0.000000000000000000000e0
-0.117990547181612238985e0 0.913426729811639061290e-1
0.103525986833834429601e-19 0.282604537266134334874e-20
0.148180924767513703500e-20 -0.812700917924308194291e-21
0.330078409740828343501e-21 -0.209897051806784780093e-21
0.100000000000000000000e1 0.000000000000000000000e0
0.780142213754728280445e-20 0.589556997064564949126e-20

