1                                                

-0.397274679682847526002e0 -0.615917272368571224719e0
0.103038022837852665556e0 -0.860391380613113595371e0
0.368549511583289390523e0 -0.697594244217499006536e0
0.100000000000000000000e1 0.000000000000000000000e0
-0.196801175811904633788e0 0.149283881015054128300e0
0.855158989463958577146e0 -0.497936460670596709138e-1
0.353078794943862230081e0 -0.987447267997741727290e-1
-0.111023870353696205957e0 0.882534844923704647562e0
0.400341767088433611794e0 -0.183667463279925611395e0
0.100000000000000000000e1 0.000000000000000000000e0

