1

0
0.126534072006330822679e0 -0.356943271723103372820e0
0.418292386095018977146e-1 0.654936280630041761501e0
0.100000000000000000000e1 0.000000000000000000000e0
0.171384387581437357584e0 0.352111492796083903027e0
-0.171136980574959954974e0 -0.141011919718194506064e0
0.555073235166619945603e-1 0.560577224487272094951e0
0.340708079691304171078e0 0.875656434418949933349e0
-0.243908329065034524935e-1 -0.643077427969297297941e-1
0.100000000000000000000e1 0.000000000000000000000e0
-0.279592124431246182642e-2 0.684408526515081763666e-1

