1                                                

0.225817869605885563434e0 -0.498634623336256630854e0
-0.137225706091744180710e0 -0.403406299436372739600e0
0.310362383631924424143e0 -0.542865404974423024112e0
0.100000000000000000000e1 0.000000000000000000000e0
0.436636652840648013886e-2 0.257395105150401402882e0
0.100000000000000000000e1 0.000000000000000000000e0
-0.715609450270004112565e-1 0.236340427312245245358e0
-0.196715087077765380961e0 -0.341798650074494408135e-1
0.239399801522018373831e0 0.241556567857566949895e0
0.196780256229470263326e0 0.165809713351719114862e0

