1                                                

0.100000000000000000000e1 0.000000000000000000000e0
0.500830816391916716483e0 0.421571958496577856902e0
0.208161873038078539596e0 -0.158169209011280519468e0
0.247322795173090088385e0 0.531826932022276427608e0
0.820341673167575108114e-1 0.200617653328182040279e0
-0.268932849417926643834e0 0.666812003569847382210e0
-0.457918674818663504601e0 0.258467512636727885433e0
0.100000000000000000000e1 0.000000000000000000000e0
-0.203749111170633177274e-1 0.766656101025039307873e-1
-0.977561609154432460667e-1 -0.101850030415986274107e0

