1

0
0.615377470696484282316308755968e-19 -0.399704780722053581352743344112e-19
-0.417538418548269132841296371846e0 -0.553219472349896647951739449531e0
0.125695035322141131622708186691e0 -0.711811257215878506302721195900e-1
0.100000000000000000000000000000e1 0.000000000000000000000000000000e0
-0.272772503651130485025798066887e-1 0.206619146749865821075677466635e0
0.100000000000000000000000000000e1 0.000000000000000000000000000000e0
0.404319317925564732695059555128e0 -0.318854964380337824102035461180e0
-0.827392689639403435841540374321e-1 -0.264946086907700542044236363319e0
-0.469040104241421718351330575221e0 -0.511634972450483862050159140878e0
0.584886480580134084771019371148e-1 -0.392936267968537335760855480206e0

