1                                                

-0.750747726436015573408e0 0.541288100556687269466e-1
-0.121742000053168818315e0 -0.130830917601093703887e0
0.396779060934303055537e0 -0.626038287508319974913e0
0.100000000000000000000e1 0.000000000000000000000e0
-0.270116300937896281869e0 0.153851504898273905953e0
0.100000000000000000000e1 0.000000000000000000000e0
0.404319317925564732753e0 -0.318854964380337824116e0
-0.827392689639403435984e-1 -0.264946086907700542037e0
-0.469040104241421718377e0 -0.511634972450483862117e0
0.584886480580134085258e-1 -0.392936267968537335823e0

