1

0
-0.289657708796065602024239215230e-18 0.646434373553051982675449586940e-18
0.306313607105242539125581816797e0 0.900345666523332103097457140412e0
0.100000000000000000000000000000e1 0.000000000000000000000000000000e0
-0.232125589349090595492954525520e0 0.497672244896991047829432132419e0
-0.290779844454479446276602023045e0 -0.189286660588844624469254156265e0
-0.222831565800638036037799552577e-19 0.111038134021220624609301513930e-17
0.100000000000000000000000000000e1 0.000000000000000000000000000000e0
-0.296244321460110730118406808511e-19 0.150521988025996880490143864428e-18
0.292710801128752163161142850968e0 -0.924947074987189976835942277871e0
0.731569109682751661198037489967e-19 -0.121011970109648188762794903210e-18

