1                                                

0.482551716213475076286e-1 -0.684066507966436639565e0
0.218283557359677912366e0 -0.340094432715845447219e0
0.416007500137098059473e0 -0.754096354710103582348e0
0.100000000000000000000e1 0.000000000000000000000e0
-0.583214848915813473200e-1 0.193295920174476281206e0
0.100000000000000000000e1 0.000000000000000000000e0
0.225888200194076584130e0 0.630904655189698844225e0
-0.269312925058286677316e0 -0.688363150015654796430e-1
0.677249987484092601632e0 0.231403657559149384711e0
0.160330461665690889107e0 0.226872728441860082403e0

