
0.281748684661021955737e-1 0.249693580589443042610e0
0.106927166597555545983e0 -0.872739211975441700787e-1
-0.645015889112153421132e0 -0.475660334916781221974e0
0.714720914053779243346e-1 0.716169509981811518035e-1
0.100000000000000000000e1 0.000000000000000000000e0
0.711687070036089590756e-1 0.663442694875423517767e0
-0.390106979511198844845e0 0.196159480434562652571e0
0.176086034756509101674e-2 -0.405020460035516135692e0
0.100000000000000000000e1 0.000000000000000000000e0
0.760685160533223114776e0 0.418081457220794511665e0
