
-0.147340787975581220638e0 0.547866195846175454845e0
0.100000000000000000000e1 0.000000000000000000000e0
0.385092639693052311676e0 -0.150278239266645744488e0
0.730711111582224341160e-1 0.729413823231372012920e0
-0.409071776394379545990e0 -0.114727348096711840309e-1
-0.484313629282212999844e-1 -0.800425281948190116504e0
0.100000000000000000000e1 0.000000000000000000000e0
0.200732165323935660194e0 -0.150315960697110582918e0
0.343478856864570885650e0 -0.466716432359502396247e0
-0.135948775791735063876e0 -0.325983945960257123995e-2
