
0.222832426264576024570e0 0.826875814129427706830e0
0.100000000000000000000e1 0.000000000000000000000e0
-0.771232678083386261438e0 0.600476079395428304834e0
0.730711111582224341295e-1 0.729413823231372013029e0
0.700218047556401060463e-1 -0.216673232121267756692e-1
0.100000000000000000000e1 0.000000000000000000000e0
-0.254417161651177826790e0 0.636565482155450936984e0
0.595375347042759481362e0 -0.943864623619657408337e-1
-0.191393729287551015621e0 -0.848170646718146898908e0
0.475586461009629535887e0 0.534541131236876773712e0
