
0.561256900385666194651e0 -0.416960683178221066570e0
0.100000000000000000000e1 0.000000000000000000000e0
0.378427172377346921752e-1 -0.350573271204756839470e0
0.730711111582224340753e-1 0.729413823231372012920e0
0.252257391076431048316e0 -0.101011233115989034079e0
0.542348936289002744155e-1 0.936473119657040908392e0
-0.184960916313568277079e0 0.507223503007254855504e0
0.100000000000000000000e1 0.000000000000000000000e0
0.984274720161736104616e-1 0.206431166433693874952e0
-0.273743270098848955302e0 -0.286687633717238554124e0
