
0.342306574287235914863e0 -0.626041534903807353604e0
0.100000000000000000000e1 0.000000000000000000000e0
-0.110702735412768752269e0 -0.291330847853639062362e0
0.730711111582224340618e-1 0.729413823231372012920e0
-0.120667887076522691871e0 0.303491947934833326909e0
0.100000000000000000000e1 0.000000000000000000000e0
-0.137338073649558043454e0 -0.917824326996249407150e0
-0.141451181460102383598e-1 -0.399549840663388124780e0
-0.266708987660132908773e0 0.412141411395109625074e0
0.148812675986902628425e0 0.130461887923888440050e0
