
0.207804425492749941757e0 0.726074930553680051031e0
0.277703877979456121802e0 -0.522766143905195991484e0
0.100000000000000000000e1 0.000000000000000000000e0
0.401604982618716890250e0 0.164361944352121629030e0
-0.530679905912695617858e0 0.100871839680963608683e0
0.100000000000000000000e1 0.000000000000000000000e0
0.352747800324481499963e0 0.436281426760310858985e0
-0.269046655893486559650e0 0.266967475638555985687e0
-0.168540633191715350056e0 0.938756598982165876995e0
-0.651904489567456192406e-1 0.599415958227578382753e0
