
0.111180715615949390098e0 0.725383131855865910759e0
0.100000000000000000000e1 0.000000000000000000000e0
0.842960513578120765549e0 -0.269407582715386666021e0
0.730711111582224341024e-1 0.729413823231372012974e0
-0.569591946003610951558e0 0.624446986326076497426e-1
0.288430960358494246969e0 -0.951891410697441410927e0
0.749590173599711836962e0 0.587399152604608186295e0
0.212835946586936158533e0 -0.394406713547941611975e0
0.100000000000000000000e1 0.000000000000000000000e0
-0.436224030383311278311e0 0.603803032240115417378e-1
