
-0.391831957663664693444e0 -0.831858849763697687902e0
0.100000000000000000000e1 0.000000000000000000000e0
-0.719259058442520418262e0 0.274923903157404071458e0
0.730711111582224341024e-1 0.729413823231372013029e0
0.666078501167639198759e0 0.547447867731439792539e0
-0.554849760594859493757e-1 -0.970213548107995413347e0
-0.483313260397664279480e0 -0.454304214156116043178e0
0.228843388512098508820e0 0.319994152717531587686e0
0.100000000000000000000e1 0.000000000000000000000e0
-0.125333373449258267545e0 0.540662182260878627622e0
