
0.924166725161614140680e0 -0.162034207667630847095e0
0.100000000000000000000e1 0.000000000000000000000e0
0.509589280666416044005e-1 0.206813684073404327216e-1
0.730711111582224341295e-1 0.729413823231372012866e0
0.469484223324376649029e-1 0.625675686950817736877e-1
0.100000000000000000000e1 0.000000000000000000000e0
0.273454274733403845791e0 0.191615177275837852099e0
0.432379185804177140111e0 0.620287926364211199758e0
-0.924657999483155134262e-2 0.344276617192970338110e-1
0.603397564498371884539e-1 0.454442455239524118878e-1
