
-0.183762332395778332545e0 -0.583583155189258243208e0
0.879889597214600703868e-1 0.509841082946410265226e0
0.139111738322516045879e0 -0.529464147659309737116e0
-0.365455682495861008057e0 0.101435017957587036501e0
0.100000000000000000000e1 0.000000000000000000000e0
0.100000000000000000000e1 0.000000000000000000000e0
0.303428045555532537985e-1 -0.331368630874688366528e0
0.481620640599437820349e0 0.575797609870324224096e0
-0.431322367730371996795e0 -0.189945877217192498119e0
-0.332518531265737397201e0 -0.937710184916872293345e0
