
-0.892838031442873613828e0 0.308194701796746869102e0
0.100000000000000000000e1 0.000000000000000000000e0
-0.285320255385249161971e0 0.182689851449477318944e0
0.730711111582224340482e-1 0.729413823231372013029e0
-0.374977162263041704994e0 -0.179426677177055125952e-1
0.100000000000000000000e1 0.000000000000000000000e0
-0.286018858409366345786e0 -0.168768839440591468857e0
-0.285365230171353934942e0 -0.692801178748339384361e0
0.142544675939998659450e0 0.124406799818653534203e0
0.393421061806703161541e0 -0.691387529632034906902e-1
