
0.286310775404659645144e0 0.395530022200796163914e0
-0.183901687370338589666e-1 0.133353320972676847597e0
-0.764418300804054426660e0 -0.158953801321047120794e0
-0.986135457552827924329e-1 -0.366976794823733416725e-2
0.100000000000000000000e1 0.000000000000000000000e0
0.190234018595574874932e0 0.783509246161555950386e0
0.149763017604103856959e0 -0.124735111499813552060e0
0.136026419530261733846e-1 0.135252451904280421747e0
0.100000000000000000000e1 0.000000000000000000000e0
0.528695370672354378870e0 0.382670190577760138955e0
