1

0
0.477358986010827137187912111254e-19 0.935710853197689639541413816037e-19
0.306313607105242538150708450693e0 0.900345666523332102131799508364e0
0.100000000000000000000000000000e1 0.000000000000000000000000000000e0
-0.232125589349090594356567467108e0 0.497672244896991047130617621442e0
-0.290779844454479446110654553430e0 -0.189286660588844624202599473740e0
-0.258063224850240438744411872427e-18 -0.182181421753335037028602860898e-18
0.100000000000000000000000000000e1 0.000000000000000000000000000000e0
-0.309699541928167377133208236492e-19 -0.373941570764584457429659351967e-19
0.292710801128752163005568196264e0 -0.924947074987189977167423393204e0
0.125247533003591128034416919202e-19 0.416979405033341690978145296668e-19

