1                                                

0.390239912362015520849e0 -0.292963464006283672621e0
0.226952885314114319676e0 -0.174642844443866322891e0
0.154671282404580983212e0 -0.957688534001910794335e0
0.100000000000000000000e1 0.000000000000000000000e0
0.120306941741433441747e-1 0.414173521660278327124e0
0.100000000000000000000e1 0.000000000000000000000e0
-0.630752339888506515897e0 -0.448498737351032678911e0
0.237545026253638357973e-1 -0.167273537279999564035e0
-0.436750720609425381190e0 0.623591110721076068873e0
-0.257330161665940498704e-1 0.153379003372783278994e0

