1

0
0.120837654655166578633553954413e-19 -0.780703991378890034527540266716e-20
0.100000000000000000000000000000e1 0.000000000000000000000000000000e0
0.734390911868534723282388693636e0 -0.171987676617596983501503964117e0
0.730711111582224343287998140116e-1 0.729413823231372013018851861073e0
-0.394584650596161769873757614020e0 -0.104009886874597382722912435067e0
-0.390721506364338019738492762172e-19 -0.277975927914262012536536643536e-19
-0.149304095152027121413035792272e-19 -0.184978065104218351321029857510e-19
0.100000000000000000000000000000e1 0.000000000000000000000000000000e0
-0.180482617934171308990106435913e-19 0.112310976976265110016847023498e-20
-0.418964538402246317352761506734e0 -0.839780228903242572016865906876e0

