1                                                

0.170121732748944180972e0 0.782366861563889445851e0
0.755411084162326935563e0 -0.386897998844766271301e0
0.100000000000000000000e1 0.000000000000000000000e0
0.337407475838906632305e0 0.522736220329718894676e0
-0.597467129504538995116e0 0.452964003955010274593e-1
0.100000000000000000000e1 0.000000000000000000000e0
0.126327344552997904192e-1 0.433497824643945640704e0
-0.384970103040189050563e0 0.561194290142859826325e0
-0.784888053527843455637e-1 0.524793844970614477188e0
0.536619242156715201345e0 0.564977399572572822734e0

