1                                                

0.613436270425368949011e0 -0.646106545225936090089e0
0.100000000000000000000e1 0.000000000000000000000e0
0.381045397852837985361e0 0.247706796939397071665e0
0.730711111582224341024e-1 0.729413823231372012866e0
0.424047495444342061635e-2 -0.194211011379883790199e0
0.234502173925777884254e0 0.658615181213832200319e0
0.267228282925253275563e0 0.689280998709088761883e0
0.100000000000000000000e1 0.000000000000000000000e0
-0.362733311938085483859e-1 0.502886401251915103063e0
0.291392784925678479708e0 -0.567811385404393563622e0

