1

0.813238667801168582465e0 -0.469232327698873906207e0
0.100000000000000000000e1 0.000000000000000000000e0
0.443173705105359047249e0 -0.325901573888242493133e0
0.522919609813178477376e0 0.754948718558631036023e0
-0.458178020464915757489e-1 0.111218962192702659028e0
0.100000000000000000000e1 0.000000000000000000000e0
0.540606132409345685355e0 0.179618324441077835779e0
0.603643954034415775619e-1 -0.951865082798462000394e0
0.231934680566542996734e0 -0.101377135194819592257e0
-0.318750680621864120170e0 0.235954829506879675319e0
