1                                                

0.503687986171383168539e0 -0.392670733757880436812e0
0.100000000000000000000e1 0.000000000000000000000e0
0.117899197274316563571e0 0.484221715915890264380e0
-0.315494844773674742468e0 0.692139083105364493289e0
0.211897465218349516597e-1 -0.267693060037624619142e0
0.749262112885623514553e0 -0.596218269077390150697e0
0.100000000000000000000e1 0.000000000000000000000e0
0.112936365870393934483e0 -0.678070357004627579539e0
0.211571648014305374933e0 0.866070654028935933613e0
-0.242353912770985407222e-1 -0.572983532348447195410e0

