1

0
0.929940302187263233752e-1 0.438933080194875342250e0
0.100000000000000000000e1 0.000000000000000000000e0
0.301197352379471993604e0 -0.164364610336177903148e0
-0.296495583235406582571e0 0.859388112961709502255e0
-0.362553207521453558154e0 0.619564197496484782366e-2
0.100000000000000000000e1 0.000000000000000000000e0
0.889400206344448421584e0 0.191014223031425319602e0
0.148799723810050403523e0 -0.455174992127300788203e-1
0.515155483022266066028e0 -0.546316381290903165869e0
-0.436211615137476637233e0 -0.156532661971878267069e0

