1                                                

0.164405583094365520926e-1 0.525990010261370800134e0
0.100000000000000000000e1 0.000000000000000000000e0
0.132177169846479875459e0 -0.121851148244867329417e0
-0.444270512657949697072e0 0.765438578691792846425e0
-0.333775114957301049709e0 -0.133955226947321961268e-1
-0.461027604026838107017e0 0.777067322794960573223e0
0.120554377651341117434e0 0.566201874701529271974e0
0.100000000000000000000e1 0.000000000000000000000e0
0.417256229545221221086e0 0.921376663905947828397e-1
-0.431371253536306085660e0 0.245646876000386467451e0

