1

0
0.4207757197238076153437484222108227386955e-20 -0.1003411038053609126139728437203626373623e-20
-0.4175384185482691328345327318796721823116e0 -0.5532194723498966482721212013115660930562e0
0.1256950353221411315767189242734872300258e0 -0.7118112572158785075489993162981236825544e-1
0.1000000000000000000000000000000000000000e1 0.0000000000000000000000000000000000000000e0
-0.2727725036511304856894144918019998510265e-1 0.2066191467498658211709062350695134975769e0
-0.5757618929846137563889199341494144950391e-22 0.6255077218589170937888906816953358056182e-21
-0.6729278469365936718296918119742716169994e0 0.2907475515201422079720749069348865463698e0
0.1276970726820114779571644090640060431278e0 -0.4430866639440685500544878749818233069662e0
0.1000000000000000000000000000000000000000e1 0.0000000000000000000000000000000000000000e0
0.4422676541246717934647703137811358414482e0 0.3884607942517093907180072170471028388824e0

