1                                                

-0.116333183583844747214e0 0.533669761451280172610e0
-0.110432432598364967731e0 -0.149462947027312454689e0
0.100000000000000000000e1 0.000000000000000000000e0
-0.838708627985167416089e0 -0.134157626721327914414e0
-0.538261966903160241050e0 -0.108685371106663821675e0
0.100000000000000000000e1 0.000000000000000000000e0
0.359334041198561096359e0 -0.351581372719116978467e0
-0.310045397030383182896e0 0.351243208446467423993e-1
0.153677710991770738615e-1 0.552613164839080851212e0
-0.252440274233069940742e0 -0.198427478710109087110e0

