1

0
0.393396898320599565426940311021e-21 -0.916308882341348353921506060656e-21
-0.659833730838200423818602786130e0 -0.750209072714404990915661247404e0
0.223237459973644828903204915032e0 -0.472995286650153514777380917692e0
0.100000000000000000000000000000e1 0.000000000000000000000000000000e0
-0.118424541423049118451476136155e0 0.381211232168796585938727132360e0
-0.796563575895242233724005904364e0 0.357813742816117623159705505426e-1
0.115300604328192815086920006537e-20 -0.654690052746437488556625020381e-20
0.100000000000000000000000000000e1 0.000000000000000000000000000000e0
0.620592987996359282306222247573e-20 0.289898313678596692414476062580e-20
-0.576256613035148781294527551189e0 0.582366051077611696751313900928e0

