1                                                

0.200452510665558311810e0 -0.539410176296220539793e0
0.100000000000000000000e1 0.000000000000000000000e0
0.155082101252483008235e0 0.351614226745929164857e0
-0.297197770425812687629e0 0.500217288119931384645e0
-0.651804220747672331620e-2 -0.326415960452137635307e0
-0.906633688867663097271e-1 0.188501839666900955684e0
0.138115764263904866707e0 0.223099328098891308922e0
0.100000000000000000000e1 0.000000000000000000000e0
-0.849086766686613900369e-1 0.138175535244745471277e0
-0.792887482735513810710e0 0.472029761265919212501e-1

