1                                                

0.423489485529207878558e0 -0.740577933328686033461e0
0.132771808679002789518e-22 -0.211165472616930717564e-22
0.100000000000000000000e1 0.000000000000000000000e0
0.997763034408455941328e-23 0.176159942391093685032e-22
0.304509142640882404015e0 0.716283166699294364984e0
-0.189981296527212122505e0 0.969268622075754260716e0
-0.612337479850223033590e-23 -0.615313194946826073084e-23
0.302591467681267699328e-22 -0.736387526109297264673e-23
0.590021178359550613603e0 -0.216858404880687457937e0
0.100000000000000000000e1 0.000000000000000000000e0

