1

0.100000000000000000000e1 0.000000000000000000000e0
-0.211394569043412007871e-23 0.526855588728967514271e-24
-0.141390682098513894123e0 0.938541499284384445230e0
-0.758954078786215583325e-24 -0.282859199418185817702e-25
0.316791490830933124138e0 -0.101980888857104295760e0
0.100000000000000000000e1 0.000000000000000000000e0
0.214555316934271628760e-24 -0.121701491931010029131e-23
0.982834867996937086153e-24 -0.162182186103093180138e-24
-0.239964780436355091996e0 -0.720153112123563193564e0
0.239660438892260793485e0 -0.921862124166054128140e0
