1                                                

0.100000000000000000000e1 0.000000000000000000000e0
0.245615383257294731059e-23 -0.337079045317350914147e-22
0.291052757493891210152e0 0.603661858454079417087e0
0.112638246239700608925e-22 0.356130873743230524855e-23
0.250940221886138008846e0 0.869332718558475450569e0
0.100000000000000000000e1 0.000000000000000000000e0
-0.124093697229526303174e-23 0.267464528197743294542e-23
-0.156122094140250040530e-22 0.737907172115798423346e-23
-0.212642032077117340620e0 -0.518369860994625044769e0
-0.842554766497604165512e-1 -0.730660384102790321382e0

