1

0
-0.487266707014569064901e0 0.680224385512416175647e0
-0.508662159591359851446e0 -0.315418044314434493073e0
0.100000000000000000000e1 0.000000000000000000000e0
0.192901772414072250145e0 -0.394073157538069267263e0
0.304509142640882404069e0 0.716283166699294364930e0
0.100000000000000000000e1 0.000000000000000000000e0
-0.103632212169343628862e0 -0.279791286384716337339e0
0.439000846875890642258e0 -0.321478661915057732851e0
0.130091965504653921083e0 0.553783503696753700012e0
0.444666967173670604020e0 0.862961167202129869884e0

