1                                                

-0.409883833196628059642e0 -0.357185122719812866618e0
0.257576177943141700879e0 -0.570548421874872780768e0
-0.515349277993257791157e0 -0.150680174733001694717e0
0.434987283268570108259e0 0.146189017570863966300e0
0.100000000000000000000e1 0.000000000000000000000e0
0.243001794242973833104e0 0.941832428713953190009e0
0.100000000000000000000e1 0.000000000000000000000e0
0.593133237967847279598e0 -0.587252271867815857809e0
-0.867850422668729196726e0 0.658503258388527819680e-1
0.498819182832650525694e0 0.461848091635545469642e0

