1                                                

-0.298847107535995699922e-19 0.797069194007219039064e-18
-0.417538418548269134128e0 -0.553219472349896648636e0
0.125695035322141131169e0 -0.711811257215878502753e-1
0.100000000000000000000e1 0.000000000000000000000e0
-0.272772503651130486440e-1 0.206619146749865821350e0
-0.356251219018977326349e0 0.309852979806465189634e0
0.773041143865198677066e-2 -0.401373217506100092350e0
-0.335447203120508851977e0 0.264820523852850549674e0
-0.144789222035319719076e0 -0.949769398344557250506e0
0.100000000000000000000e1 0.000000000000000000000e0

