1                                                

0.100000000000000000000e1 0.000000000000000000000e0
-0.446228068402764089725e0 0.298573656424132964665e0
0.220808863162170926302e0 0.538996636764986082830e0
0.279339795510247174457e0 -0.397758408442959463100e0
0.285374814382893074536e0 0.401169138807711803066e-1
-0.356251219018977326511e0 0.309852979806465189227e0
0.773041143865198677066e-2 -0.401373217506100091889e0
-0.335447203120508852085e0 0.264820523852850549755e0
-0.144789222035319718453e0 -0.949769398344557250181e0
0.100000000000000000000e1 0.000000000000000000000e0

