1                                                

-0.172264356695968422464e0 0.636308499487984729733e0
0.100000000000000000000e1 0.000000000000000000000e0
-0.195540712860994949791e0 -0.146168299558891757418e0
-0.652912170484825724417e0 0.509537263630048346482e0
-0.270639159258133616391e0 -0.313605116634737330454e-1
0.100000000000000000000e1 0.000000000000000000000e0
-0.905138389893116612235e-1 -0.491244547496857369772e0
0.615214356925689990997e0 0.681858771354854538069e0
-0.425084942244558401062e0 0.141847613957036773125e-2
-0.365236207382912903864e0 -0.633622822837822988434e0

