1

0
-0.536164715958706803608312499724e-22 0.108558390711006247080698571479e-21
-0.846945662784605245205103858162e-21 -0.128079414998661982866982504973e-20
-0.417538418548269132904034140220e0 -0.553219472349896647921902016098e0
0.226535313088097021811769622617e-20 0.365039701557066550545312581120e-22
0.100000000000000000000000000000e1 0.000000000000000000000000000000e0
-0.326221887856646442420575188677e0 0.174288093943957419012116295008e0
0.204889613762547995333123479305e0 0.684891300179831178187169962013e-1
0.100000000000000000000000000000e1 0.000000000000000000000000000000e0
-0.242239191537995360744674448489e-1 -0.154217338140997748194504371283e0
-0.610024519507039706724411767746e0 0.291758218391601479962770508353e0

