1                                                

-0.229066936990735175693e-1 0.483010193122785979139e-1
-0.382981880557782982787e0 -0.559634749001029983904e0
0.507593984998943741549e0 -0.212851510607788047761e0
0.100000000000000000000e1 0.000000000000000000000e0
-0.227557191160865434710e0 0.792437370618223153363e0
-0.326221887856646442443e0 0.174288093943957419078e0
0.204889613762547995261e0 0.684891300179831178705e-1
0.100000000000000000000e1 0.000000000000000000000e0
-0.242239191537995360138e-1 -0.154217338140997748151e0
-0.610024519507039706648e0 0.291758218391601479972e0

