1

0
-0.3152446054586880186152818589847034878655e-19 0.3500736098851036486414427465666831870293e-19
-0.4175384185482691329546438517995498806717e0 -0.5532194723498966478501266974172074941815e0
0.1256950353221411316190259785135291901520e0 -0.7118112572158785084275275730196729389540e-1
0.1000000000000000000000000000000000000000e1 0.0000000000000000000000000000000000000000e0
-0.2727725036511304856421701338954401107097e-1 0.2066191467498658212585155083646641391398e0
-0.3104209401423330247297253536228381076487e-19 0.1325677241856682445335823583933854304307e-18
-0.6729278469365936719112929519330084054716e0 0.2907475515201422084472681847290052684671e0
0.1276970726820114779851667044223323331926e0 -0.4430866639440685501593429911586759292435e0
0.1000000000000000000000000000000000000000e1 0.0000000000000000000000000000000000000000e0
0.4422676541246717937480142988274247227569e0 0.3884607942517093911282911067556415723222e0

