1                                                

-0.769064532831680448387e0 -0.258192237248214854811e0
-0.369259489103899061954e0 -0.245135749960244666857e0
0.380988274019846858993e0 -0.648837702364578284935e0
0.100000000000000000000e1 0.000000000000000000000e0
-0.209603166321728135634e0 0.151095698809587855742e0
0.804580606599111583250e-1 0.808275080664323336620e0
0.125493995074624800387e0 0.409847954661403625224e0
-0.428905112808448317171e0 -0.222995658014612890406e0
0.654093895341742516381e0 -0.685545213163428826205e0
0.100000000000000000000e1 0.000000000000000000000e0

