1                                                

0.391550631489437595516e0 -0.763159658560087203797e-1
-0.417538418548269132664e0 -0.553219472349896647769e0
0.386504233220607915366e-1 -0.517709632630980444976e0
0.100000000000000000000e1 0.000000000000000000000e0
0.362733192619949549403e-1 0.433853193955490490537e0
-0.969897666083346640141e-20 -0.992244775758552670662e-20
0.590967081137869383825e-20 0.191753562063049652917e-19
0.494999507274845891456e-21 0.442721055835826605016e-20
0.100000000000000000000e1 0.000000000000000000000e0
0.559946711052715081632e-20 0.356995181103439122763e-19

