1                                                

0.481153068127137289415e0 0.874044537610934295656e-1
-0.444146989545426530829e0 -0.201826683594014773943e0
0.173616983226809345158e0 -0.701717846791493499344e0
0.100000000000000000000e1 0.000000000000000000000e0
0.752670543439629850314e-2 0.510695749800468488477e0
0.100000000000000000000e1 0.000000000000000000000e0
0.293123450870555311235e0 -0.370060494165526106898e0
0.628434906400838211576e0 0.170740738577823310409e-1
-0.523351589394041188420e0 0.341761940221363914812e0
-0.290248662699091692729e0 0.722822134154455009315e0

