1

0
0.549743811234704089688e0 -0.268597899145647230087e-1
-0.375143508702993181959e0 -0.270856686847396210479e0
0.963255933938456343458e-1 -0.623227424145016640686e0
0.100000000000000000000e1 0.000000000000000000000e0
0.622462777183719300809e-1 0.480532966949019655500e0
0.655086515654484465850e-18 -0.109465356799800877663e-17
-0.397396197539290882091e0 0.563999552415140243821e0
-0.333750907385914842541e0 -0.708705505490916549580e0
0.802805603114566040035e0 -0.491264836888342381900e0
0.100000000000000000000e1 0.000000000000000000000e0

