1                                                

0.408747304010564196377e0 0.601098155105274114533e-1
-0.580357576131137564788e0 -0.339834413118451272368e0
0.184324945541933168881e0 -0.565405805861998458580e0
0.100000000000000000000e1 0.000000000000000000000e0
-0.977795144965835748155e-3 0.472842090805240107879e0
0.718717398026903671202e-1 0.631751174738300318916e0
0.473058092092853060519e0 -0.857489176516183442504e-1
0.172037209811590306453e0 -0.790676212497851869216e0
-0.578213827104514339656e0 0.262279113873766896891e0
0.100000000000000000000e1 0.000000000000000000000e0

