1

0
-0.603515409287814037537e0 0.637164781070744223467e0
0.479950489002047244562e-23 -0.257556689422994660249e-23
0.100000000000000000000e1 0.000000000000000000000e0
0.153467512604334063677e-23 0.300495203651564896832e-23
0.304509142640882404042e0 0.716283166699294364984e0
0.223658975498130777680e0 -0.625367514545012573367e0
0.132811184359181979912e-23 0.972445861428719129300e-24
-0.124907583293805761582e-23 0.154125673285130092721e-24
0.100000000000000000000e1 0.000000000000000000000e0
0.192942940732821780479e0 0.797110828900987883957e0

