1                                                

0.100000000000000000000e1 0.000000000000000000000e0
0.313513107366211300748e-22 0.313379066048637101870e-22
-0.311273007060201878035e0 -0.686047165566567465438e0
-0.321397081994398879726e-22 -0.432540252858492159639e-23
-0.220902562164201142465e0 -0.415389141695299122869e0
0.240217189495874514172e0 -0.688190961349637677887e0
-0.322851630115388384941e-23 -0.110080201925256657407e-22
0.498442643078159802275e-23 0.816620538507969628415e-23
0.100000000000000000000e1 0.000000000000000000000e0
0.290623745805947430434e0 0.848951693252343615476e0

