1

0
-0.159926739885169555088176849277e-18 0.157311666503704469120609231155e-18
-0.417538418548269132764552159005e0 -0.553219472349896648195514933489e0
0.125695035322141131328973886062e0 -0.711811257215878509119151120674e-1
0.100000000000000000000000000000e1 0.000000000000000000000000000000e0
-0.272772503651130485262300287030e-1 0.206619146749865821186426137740e0
-0.215990113556606530156612368295e-18 0.199936320679791722474219245387e-19
-0.164890145545630670171251494290e0 0.717059669950662104492044434481e0
0.249712093958445470737597566926e-19 -0.247118635351715498594422400012e-19
0.100000000000000000000000000000e1 0.000000000000000000000000000000e0
-0.116468655078723658857424715258e-18 -0.123389332151385891144427558983e-18

