1                                                

-0.192100647812506337465e0 0.193854619741653337340e0
-0.245153280979365534661e0 -0.519292841255039881764e0
-0.170956179943793918271e-1 -0.147210754256380004946e0
0.100000000000000000000e1 0.000000000000000000000e0
-0.636371019628943769995e-1 0.213523640434281881611e0
-0.959133770872026033443e0 0.284821223265015438086e-1
0.740754384719607206764e0 0.341900179983685060950e0
0.100000000000000000000e1 0.000000000000000000000e0
-0.159600036726959336778e0 -0.800445319465951604253e0
-0.774274628601221921557e0 0.526246206473399806395e0

