1                                                

0.100000000000000000000e1 0.000000000000000000000e0
0.477350992570410350503e0 0.625783981503994562014e0
-0.397815267557545956394e0 -0.144862568623772653526e0
-0.421574919026178596696e0 0.393913143387586668859e0
-0.360015703703009412519e0 -0.612789123453010035056e0
-0.433315222125966451841e0 0.144964030072473349330e0
-0.460668295330498142842e0 -0.789578461600103084306e0
0.100000000000000000000e1 0.000000000000000000000e0
0.987929131182564547280e-1 0.965422684800235303231e0
-0.439662945944508977750e0 0.890851947783558958298e0

