1                                                

0.1305052552581240892596271479727157974584e-20 -0.1619273951358859650398644030100231059556e-20
-0.4175384185482691326643909320631565634752e0 -0.5532194723498966473970161176164625731082e0
0.1256950353221411315159255397660605284862e0 -0.7118112572158785067124296661347593560117e-1
0.1000000000000000000000000000000000000000e1 0.0000000000000000000000000000000000000000e0
-0.2727725036511304850061948660370430685567e-1 0.2066191467498658209837763053383744831895e0
-0.8833828296885312289634282455952916875955e-21 0.6747118615811951886008789702229858772328e-21
0.6729278469365936717276922818984009625679e0 -0.2907475515201422079997048583518250540694e0
-0.4501469357820195535455080937518284082187e0 0.3018188974064899569031347720546940539106e0
0.1000000000000000000000000000000000000000e1 0.0000000000000000000000000000000000000000e0
0.1037455193796908861387000231400031099378e0 0.6840247370117653272423761096875152639090e0

