1                                                

0.328851684549859872380e0 -0.604081983438869617935e0
0.100000000000000000000e1 0.000000000000000000000e0
0.959085138486813192917e-1 0.512304054273009517424e0
-0.517852337934502053997e0 0.551553955642529177429e0
0.423410174787274315959e-1 -0.377502641953751445905e0
0.100000000000000000000e1 0.000000000000000000000e0
0.228450954654614668104e-1 0.610872933023799086086e0
-0.227774377047323862383e0 -0.814621484211798299959e0
-0.593190901987660521000e0 0.808313668660231696538e-2
-0.165091583035902040130e0 -0.750216807325208308755e0

