10
0
0
64
0.608742765171810761601e0 -0.804647471739490516274e0
0.100173210431105216676e-22 -0.562532511189681399906e-23
0.771322037052473212363e0 -0.824410861060534026245e-2
0.616192409359925732790e-23 0.728352385555911455988e-23
0.222736324415664301476e-2 -0.922076913169842817100e-1
0.599948970032799992096e0 0.578379205034513193650e0
0.621036086629166226067e-24 0.693060536332006422243e-23
-0.177145375314084647695e-23 0.265824824593678414121e-23
-0.156149261676285921864e0 0.532077535537965698529e0
0.114970146725511511192e0 0.327018900383905761594e0
1.58048267801244e-19
6.773205256035858e+01
4.37088332637543e-20
9.76562500000000e-5
9.26342742239755e-19
1.000000000000000e-01
1
1
-1

2 0
2 10
1715478103345602653997294360235566760419033184227635252674956871478449666761162741366986077294099266286620899006370976195447949410133947357477186399751360836566203912635557733103641276011498755890872828130220577265247558132114410660295381421146909417158275759074555409200060540513865070460261848060349975402751/25000000000000000000000000000000000000000000000000000000000000000000000000000000000000000000000000000000000000000000000000000000000000000000000000000000000000000000000000000000000000000000000000000000000000000000000000000000000000000000000000000000000000000000000000000000000000000000000000000000000000000000000 3817079327934624838710924624540354040414804953759767200047450346854192388323831721215216243519915739392336580509954513432809102480216391638011199630277266019033266820225248806107639896580946853031177569249017546090588086818014887021085758613132441908459040618106332176610131438481524367257054538904422840711319/5000000000000000000000000000000000000000000000000000000000000000000000000000000000000000000000000000000000000000000000000000000000000000000000000000000000000000000000000000000000000000000000000000000000000000000000000000000000000000000000000000000000000000000000000000000000000000000000000000000000000000000000
-7088851498319487962962726753465860891139911830240891758577986972221742496982120491221980963217995093839672273941841914273713930962061740083137920438168388121190327741031598354239948288874068608002299859078835555544260386121274429023067471249725961371268907894522816650522265287213108895074831874657367153640521/10000000000000000000000000000000000000000000000000000000000000000000000000000000000000000000000000000000000000000000000000000000000000000000000000000000000000000000000000000000000000000000000000000000000000000000000000000000000000000000000000000000000000000000000000000000000000000000000000000000000000000000000 -4367915621270020836819067210523962569705388166800364094564921389771812273475222096533911928139967664167851370407062956947826702011809494151225192222732223767644360762428957055306103190397010801441551969584531705910286629105602093896931975807526590626024516611541106922528710581994733960095951582026233092898883/5000000000000000000000000000000000000000000000000000000000000000000000000000000000000000000000000000000000000000000000000000000000000000000000000000000000000000000000000000000000000000000000000000000000000000000000000000000000000000000000000000000000000000000000000000000000000000000000000000000000000000000000
4873079176959015624831050352530232908999831489570420601664100371644321866317082973220256947738140524545175145540838394345858890951648512118602259505312499009865849955306537279835247421438693659936953660859095422052611404825404469452303464530344523042035906337280505449158332209211144822597450357355276599818679/10000000000000000000000000000000000000000000000000000000000000000000000000000000000000000000000000000000000000000000000000000000000000000000000000000000000000000000000000000000000000000000000000000000000000000000000000000000000000000000000000000000000000000000000000000000000000000000000000000000000000000000000 -4173153691901672743956502814437986225640774183413984493693859767546551058889549353239085807605632226128297034292289605896922940577245797423982986874110792786074168986485432723097075109363005965602090844589286962315078392951649202441032881102051092664757625497788812616072383032612105347908783012127136322314369/10000000000000000000000000000000000000000000000000000000000000000000000000000000000000000000000000000000000000000000000000000000000000000000000000000000000000000000000000000000000000000000000000000000000000000000000000000000000000000000000000000000000000000000000000000000000000000000000000000000000000000000000
7636528322276581404371842646765936337102190494647685395654946525848962086888351838040174820972562300851615097222977330435372018054991382255745387424104500157285754951996052503873007112044564152998139362925053019904462353184155886581212785088004947966947590548411066104982030683643803638489750573662602931479919/10000000000000000000000000000000000000000000000000000000000000000000000000000000000000000000000000000000000000000000000000000000000000000000000000000000000000000000000000000000000000000000000000000000000000000000000000000000000000000000000000000000000000000000000000000000000000000000000000000000000000000000000 -995289015790822568328480376390478224138495105002313275897364659518169727102243220491765300917644833636607334898557081939485313595827152194526546479859328779801769293842166723578715884569210646134070706028447679786742951697577640505790255323233135062392955469513110152508072879207377313787335104894805157016513/2500000000000000000000000000000000000000000000000000000000000000000000000000000000000000000000000000000000000000000000000000000000000000000000000000000000000000000000000000000000000000000000000000000000000000000000000000000000000000000000000000000000000000000000000000000000000000000000000000000000000000000000
1123433002500195545878942759734848752864977844061735703162519238589693818316637714593828677626820500501685358882107404931510633051960932788530050940051340291032640935050307705158877040585260280258370325872611677790470357323470593740743007461393769795930658379068282002753004713212703569073053059764536160241197/1250000000000000000000000000000000000000000000000000000000000000000000000000000000000000000000000000000000000000000000000000000000000000000000000000000000000000000000000000000000000000000000000000000000000000000000000000000000000000000000000000000000000000000000000000000000000000000000000000000000000000000000 -3306103675948653237740199153327944067888290703781693266500747273866842714422177561185597444859013579718442796068519283399309122374959657427833696161055280394997283762182818157985375185974521248946916258814211922064976206261545683086688553405376964498689068086214291365489293124974329377540596216105748512043003/10000000000000000000000000000000000000000000000000000000000000000000000000000000000000000000000000000000000000000000000000000000000000000000000000000000000000000000000000000000000000000000000000000000000000000000000000000000000000000000000000000000000000000000000000000000000000000000000000000000000000000000000
0 0
0 0
0 0
0 0
0 0
0 0
0 0
0 0
0 0
0 0
4248581737613401715543040195556826279171863000730034013986676567015142795222193921046878670996899502954908586231701046553689970027908349578905463045344989868431869927157292345270265332028656817399156520948534217100711162676294299348662688155792983766398636993324363173207339266441349445327521056667769923008313/10000000000000000000000000000000000000000000000000000000000000000000000000000000000000000000000000000000000000000000000000000000000000000000000000000000000000000000000000000000000000000000000000000000000000000000000000000000000000000000000000000000000000000000000000000000000000000000000000000000000000000000000 -8507908296630855059458579288056447222125943429861284976737184117904502045621820191690677139109641068197139664494949834177390553056328455039403348340612326953984305612968350800043730210163396174330198951742103011982799653517900050985893599292053310195255855735582804909928125257222909781524108624127854978501803/10000000000000000000000000000000000000000000000000000000000000000000000000000000000000000000000000000000000000000000000000000000000000000000000000000000000000000000000000000000000000000000000000000000000000000000000000000000000000000000000000000000000000000000000000000000000000000000000000000000000000000000000
3584962132847379809448368166067123034544190808289260787755230714189429997795204264374660246654636246340595842831238708197933023746794969472507081722457543827707807086346103061432757311652918169887621739779835229086739053816457659574510633578105332804276976600235089077633254773638842318117849596220557952465107/10000000000000000000000000000000000000000000000000000000000000000000000000000000000000000000000000000000000000000000000000000000000000000000000000000000000000000000000000000000000000000000000000000000000000000000000000000000000000000000000000000000000000000000000000000000000000000000000000000000000000000000000 8970445215338417120665110596452868383355708635562216056071780480312220653987066945876636963828856577901759339368006346202925019703164246937956077464547290103360266886808028013420444881159283825384122103908361281924862417753574678439762913085704741749424871256116310229540063529748492672662134381998289208507343/100000000000000000000000000000000000000000000000000000000000000000000000000000000000000000000000000000000000000000000000000000000000000000000000000000000000000000000000000000000000000000000000000000000000000000000000000000000000000000000000000000000000000000000000000000000000000000000000000000000000000000000000
-1248976068869530079665868241641856257303850711568029759891404541901948740979254537535184176884394168162589066684532859573702993357606568889610709993206035266317739322157216843571541281142129738138520835832312080390412657750573865248058466084231878485463398622021328185376508002483164090199613568421840376538367/2000000000000000000000000000000000000000000000000000000000000000000000000000000000000000000000000000000000000000000000000000000000000000000000000000000000000000000000000000000000000000000000000000000000000000000000000000000000000000000000000000000000000000000000000000000000000000000000000000000000000000000000 -7312657005987733187845583777669156005578781536681516977753540073639307635604353405409259191599601813123077030873760141672675116190894393100523075713044537999653022339649074478650269142778185472245820522278347372058875619635424866995205614192328749151645676395039948752891867298678074722282912815621977139837429/10000000000000000000000000000000000000000000000000000000000000000000000000000000000000000000000000000000000000000000000000000000000000000000000000000000000000000000000000000000000000000000000000000000000000000000000000000000000000000000000000000000000000000000000000000000000000000000000000000000000000000000000
8821195916570283036925987459861679558964906245578936158272032027302978476453065489365336862151359132672351251514918684939619675295373951449065418293540351641884593697979155574299744575819312248381462592027216351505781823507689759950383967190872355600451559581048009614369281597614245576144237036415499528305537/10000000000000000000000000000000000000000000000000000000000000000000000000000000000000000000000000000000000000000000000000000000000000000000000000000000000000000000000000000000000000000000000000000000000000000000000000000000000000000000000000000000000000000000000000000000000000000000000000000000000000000000000 -3467309549035140832659262076193519451481253502950451462368694388006669912304176515435287201960177865379789310671171790253392826301113110619829132134224746117602620374912003066156350806841079160351333497926903209754347321747555350091750643321832393117335364406400604234358215257492610061934699047578307370350847/10000000000000000000000000000000000000000000000000000000000000000000000000000000000000000000000000000000000000000000000000000000000000000000000000000000000000000000000000000000000000000000000000000000000000000000000000000000000000000000000000000000000000000000000000000000000000000000000000000000000000000000000
-1267376039099895917047507605905335263042503648333971344025290966598976164669963221601916832115789481642419287406358931581849459103998751797263510245080611901244863382963360128073134798710816539900853649047583518624992535416395107511848638015408972797809200941806463680921982378883778142036150957343039404213241/2500000000000000000000000000000000000000000000000000000000000000000000000000000000000000000000000000000000000000000000000000000000000000000000000000000000000000000000000000000000000000000000000000000000000000000000000000000000000000000000000000000000000000000000000000000000000000000000000000000000000000000000 -8090229245356132896722134515552328389369379077307743890801634025733344867996551127894263272301241574943571026069077139959810502306597257994864592577880085661189749864778582046671320432185297122781594286614797568768406515517042199289863425140245615309901982681927785837701862191305717540038401832464653470691643/10000000000000000000000000000000000000000000000000000000000000000000000000000000000000000000000000000000000000000000000000000000000000000000000000000000000000000000000000000000000000000000000000000000000000000000000000000000000000000000000000000000000000000000000000000000000000000000000000000000000000000000000

-1
678491519322456879634672949301483885768552406536923338758798463496314385092689637538978577600977927628257061683774676699240923446004736972029010684301945485104126880718899058965438546931463958947409350984244149085811705431193082081891125599722582636728209597513517494066007337106176692908864177243204908357871/5000000000000000000000000000000000000000000000000000000000000000000000000000000000000000000000000000000000000000000000000000000000000000000000000000000000000000000000000000000000000000000000000000000000000000000000000000000000000000000000000000000000000000000000000000000000000000000000000000000000000000000000 -3560758568028717976695637340108622625253727711115798621651640790492428966786703095052558856229253532444151053027911650290821185847859851525745353588501061632714228796486744328363023944412122786955740832044638697342221082659735309794738984119865322559199477897755619810179129055632103820590655262821144860043661/5000000000000000000000000000000000000000000000000000000000000000000000000000000000000000000000000000000000000000000000000000000000000000000000000000000000000000000000000000000000000000000000000000000000000000000000000000000000000000000000000000000000000000000000000000000000000000000000000000000000000000000000
0 0

0 0

0 0

