1                                                

0.100000000000000000000e1 0.000000000000000000000e0
-0.967290388701424925108e-23 -0.225323967388366504960e-24
0.250542096842698800303e0 0.495922379117826659783e0
0.403986816865618122350e-23 -0.695620536977175227710e-23
0.136451078846643909391e0 0.672950788711154493482e-2
0.100000000000000000000e1 0.000000000000000000000e0
-0.403114137148995425949e-23 -0.198200701394917338133e-23
-0.200436325329101800402e-23 -0.324529276494128047271e-23
-0.234841550627432890498e0 0.604757798981641264810e0
0.294290611475446720562e0 0.423271430426627160240e0

