1                                                

-0.487266707014569064982e0 0.680224385512416175647e0
0.508662159591359851337e0 0.315418044314434493209e0
0.100000000000000000000e1 0.000000000000000000000e0
-0.192901772414072250253e0 0.394073157538069267236e0
0.304509142640882404015e0 0.716283166699294365038e0
0.100000000000000000000e1 0.000000000000000000000e0
0.103632212169343628801e0 0.279791286384716337312e0
-0.439000846875890642340e0 0.321478661915057732851e0
0.130091965504653921069e0 0.553783503696753700012e0
0.444666967173670604183e0 0.862961167202129869993e0

