1                                                

-0.474149657466088780453e0 0.724341043925488385006e0
0.585807609411835951267e0 0.282214989997157013346e0
0.100000000000000000000e1 0.000000000000000000000e0
-0.163045901882364891166e0 0.447917930963716420871e0
0.307075154940737695059e0 0.636671663292174063082e0
0.100000000000000000000e1 0.000000000000000000000e0
0.109928267688382793307e0 0.303068456991506932535e0
-0.428776884786287657572e0 0.351584788257548870415e0
0.101220029508088187143e0 0.571428360590762827044e0
0.432865289511090900487e0 0.827667149754020619321e0

