1                                                

0.887172969212977626918e0 -0.335596366332833144681e0
0.122637394042754025493e-25 -0.335145818059159911718e-23
0.100000000000000000000e1 0.000000000000000000000e0
0.266307957915631039997e-23 0.104373374959444511200e-23
0.304509142640882404123e0 0.716283166699294365093e0
0.100000000000000000000e1 0.000000000000000000000e0
0.253579923580928644514e-23 -0.302235350643655468161e-24
-0.799566510176111841180e-24 0.113516126139734815499e-23
0.582312502733332732114e0 0.608759302052977230269e0
0.432847519382207416455e0 0.128960918524020360306e0

