1

0.100000000000000000000e1 0.000000000000000000000e0
0.104362585661494380151e-22 0.455394974097558953232e-23
0.467739168286239692402e0 0.604723458981153580210e0
-0.207228870224442840337e-23 0.922567348952189253699e-23
0.742128671706313624624e-1 -0.533763967912234317790e-1
0.100000000000000000000e1 0.000000000000000000000e0
0.630864262849701483691e-23 0.547016132859382654407e-23
0.683542296914413908862e-24 0.377182345277839957706e-23
0.308240361420213802109e0 0.589713022293960813008e0
0.371679693822560644419e0 0.186761041588613963427e0
