10
0
0
64
0.106138314211054192373e1 0.111552607326118734146e1
0.502117295352675238728e-23 -0.209475869967452444528e-23
0.630502871546745509543e0 0.149589831066651819365e1
0.117759769011591104507e-24 0.464177336987997641280e-23
-0.879492890177024597164e0 0.907133305503507104636e0
-0.462843473365977803037e0 0.106653577204204560777e0
-0.114144364475704939218e-23 0.410339719036642370308e-24
0.249005131525360735138e-24 -0.610678609578617633409e-24
-0.334445898569816056026e0 -0.219654558338805321318e0
-0.214094792588835018809e0 -0.135239831320457624227e-1
7.29825922885964e-20
1.458991414342773e+02
1.43821423809472e-19
2.44140625000000e-5
2.42434975903054e-19
1.000000000000000e-01
1
1
-1

2 0
2 10
-3408014986603748637989419810538236276749405935829861297114266349104068872847347285752823576544056086260742938117381826656726232967096110150548101857456194788271700699091850787533659431006810170356715345353248421423775146872218481724367166288623134012106114291406004467544957905868069412732968049477485603095583/5000000000000000000000000000000000000000000000000000000000000000000000000000000000000000000000000000000000000000000000000000000000000000000000000000000000000000000000000000000000000000000000000000000000000000000000000000000000000000000000000000000000000000000000000000000000000000000000000000000000000000000000 40679156504931963213560179420458218308327872578279851552993995908087041074150408545621471671614419247222534382512378295823400493153527392905080870442076571801023659021045595867742864486653185447788168613455689517957962419190553168666998366368318569552513830250030418241316348705922900236688033637901380886129/400000000000000000000000000000000000000000000000000000000000000000000000000000000000000000000000000000000000000000000000000000000000000000000000000000000000000000000000000000000000000000000000000000000000000000000000000000000000000000000000000000000000000000000000000000000000000000000000000000000000000000000
399825613345591439671195292231116779544040536255926676171456902759618691080187451673580738927291117037863136011757451074590041650012017273661454934969883569376773330499842370320924685131362151244803905434407580014311170522198240233430446351012918540758838566759333562886430829509269503468634529045072716555989/1250000000000000000000000000000000000000000000000000000000000000000000000000000000000000000000000000000000000000000000000000000000000000000000000000000000000000000000000000000000000000000000000000000000000000000000000000000000000000000000000000000000000000000000000000000000000000000000000000000000000000000000 6939443721338546263987669795289736497307603010989223684454637803531211773187173638841423360376625913544857556203357867920135901582696144235317391556002002721081228976281755869474265568899639078070217475180489766111668504020626925850839327235721872290351857332139900803031077870777217157255126480046274334698119/10000000000000000000000000000000000000000000000000000000000000000000000000000000000000000000000000000000000000000000000000000000000000000000000000000000000000000000000000000000000000000000000000000000000000000000000000000000000000000000000000000000000000000000000000000000000000000000000000000000000000000000000
7786208720098293702701127872156848151691018274786124554220036462459467506843869341448445897906135482185603401641493370090511779925434899937465680283075248708603557715176704307097103789796060810867567083019197707406581679321931798464197611699524367309027816337304196571118001318578510275491104058708599416125629/10000000000000000000000000000000000000000000000000000000000000000000000000000000000000000000000000000000000000000000000000000000000000000000000000000000000000000000000000000000000000000000000000000000000000000000000000000000000000000000000000000000000000000000000000000000000000000000000000000000000000000000000 -278536242199922119277465588627987493755802762631339801230082570801584524113548520993598760159447374348792065779266921915046535855290687615616916606082461476225428869254263131290705219044872866635763102048817798671517941042073439651077655819215762720792362849618876856833401517066069264970323611542785760488969/1000000000000000000000000000000000000000000000000000000000000000000000000000000000000000000000000000000000000000000000000000000000000000000000000000000000000000000000000000000000000000000000000000000000000000000000000000000000000000000000000000000000000000000000000000000000000000000000000000000000000000000000
856997419589253651127300005521000011502655505468431960762730487015987294081946595433306563153901743991866402549475484984999657752713145618156580140876338921506166202019401343026061072746402006000850837502620912708888382430959263641880226332333182495969157416354139980622283293506198218619685604329940423124671/2500000000000000000000000000000000000000000000000000000000000000000000000000000000000000000000000000000000000000000000000000000000000000000000000000000000000000000000000000000000000000000000000000000000000000000000000000000000000000000000000000000000000000000000000000000000000000000000000000000000000000000000 -5992937489749988745333579674274441476383772020845176702607914648738576603135032571547864771412419183146511945229641368186155474390897973571947515857540645486366509429778068863872858005288745733278902409516747632933859456084489215590503961257767394055013130850031363665169852010843491671181767882966713408399511/10000000000000000000000000000000000000000000000000000000000000000000000000000000000000000000000000000000000000000000000000000000000000000000000000000000000000000000000000000000000000000000000000000000000000000000000000000000000000000000000000000000000000000000000000000000000000000000000000000000000000000000000
-1758271691369390040380437054279090933430880767185753679249417411347521663611027560581677131339119147028466772834460266637946933962556193893463845644248096120582800692989428218004944594549818171055830220688995057752089562570394329934510406267582616672634514772000845503291210542018784994228143306648890740322111/2500000000000000000000000000000000000000000000000000000000000000000000000000000000000000000000000000000000000000000000000000000000000000000000000000000000000000000000000000000000000000000000000000000000000000000000000000000000000000000000000000000000000000000000000000000000000000000000000000000000000000000000 -1712807852735229321654357283546763247604498168963312284166176006118854768084157387011869737314005296583741539073417455840098088151671082594887229229584985116639095926334026244397742611780491661238224377262882663123977737582919025274426059249160910199153015464444663755397337196938468574796591978309793330008949/5000000000000000000000000000000000000000000000000000000000000000000000000000000000000000000000000000000000000000000000000000000000000000000000000000000000000000000000000000000000000000000000000000000000000000000000000000000000000000000000000000000000000000000000000000000000000000000000000000000000000000000000
0 0
0 0
0 0
0 0
0 0
0 0
0 0
0 0
0 0
0 0
-287270295815192094494965497432407802595306080571590895784175627777510786132892041168208965865583246173973113585238092380091118934733591094079015747144890980862764950706073177980588020370927301897687136290354044930033864829402532969511868995549317917957379055914854187588989138058891712013749063132535546145923/312500000000000000000000000000000000000000000000000000000000000000000000000000000000000000000000000000000000000000000000000000000000000000000000000000000000000000000000000000000000000000000000000000000000000000000000000000000000000000000000000000000000000000000000000000000000000000000000000000000000000000000 -1538026515465701981379624038591957712102307972860379984304943800665625058055678842918551798414848392340322061652683114057828369688154773907200885163369449049884782781248110346798097043126607321038676304694971957607143895653998369114634133316048976635488131908424360430188010592474637102391631711573725867802423/10000000000000000000000000000000000000000000000000000000000000000000000000000000000000000000000000000000000000000000000000000000000000000000000000000000000000000000000000000000000000000000000000000000000000000000000000000000000000000000000000000000000000000000000000000000000000000000000000000000000000000000000
-1884732379776016714631553002638625085053777526901188341540679145344423897788736773207746530304867388666687332472549033317820402439699883488492890901380536424594730897377973181645782135304079831517083216002539897556291765501032697140150059498159895848492517810964712672742724975077687158739708115566441857714057/2000000000000000000000000000000000000000000000000000000000000000000000000000000000000000000000000000000000000000000000000000000000000000000000000000000000000000000000000000000000000000000000000000000000000000000000000000000000000000000000000000000000000000000000000000000000000000000000000000000000000000000000 -1754136056378193352605507635249956386103950525666765027352237044744616006939202105900202388634436379005706531793787494378737452933396905495316716946807390549705543319971079502818978107571068542462554043362927859117730349885462291429523119798445584195183816813333169495333426791351006555666406124512011474463529/5000000000000000000000000000000000000000000000000000000000000000000000000000000000000000000000000000000000000000000000000000000000000000000000000000000000000000000000000000000000000000000000000000000000000000000000000000000000000000000000000000000000000000000000000000000000000000000000000000000000000000000000
-1992384045322817644570402716640611183284512308367254789751962183394200413829793274180864367303007630708809920464702117298490039417547963658362496177178136116474227939899708254342078517935857957594409364703340373996631253271421498053873360368574570196693751257582395099529518962239255074652889652914659916893581/10000000000000000000000000000000000000000000000000000000000000000000000000000000000000000000000000000000000000000000000000000000000000000000000000000000000000000000000000000000000000000000000000000000000000000000000000000000000000000000000000000000000000000000000000000000000000000000000000000000000000000000000 8400930047967140430164372173785768829303454194697131178147578622697304738116768886367611170843492296689023011439035361950934035200940888171832498212007797703613295551841004513545941589401202427514948937781859410999086691555399132713878069876060876078890929438274091356392202158924007341814403035824288147464019/10000000000000000000000000000000000000000000000000000000000000000000000000000000000000000000000000000000000000000000000000000000000000000000000000000000000000000000000000000000000000000000000000000000000000000000000000000000000000000000000000000000000000000000000000000000000000000000000000000000000000000000000
-8393870365178154982581208642253122230915549291616018206511205948349129321987241572114469449997776324344584852611687718296264424098546200451904735852935890234259967204624455067789522811515756790477712554976020034630995865187227198472214178253701657854043250501745536224119548795020397881290760380105500125515277/10000000000000000000000000000000000000000000000000000000000000000000000000000000000000000000000000000000000000000000000000000000000000000000000000000000000000000000000000000000000000000000000000000000000000000000000000000000000000000000000000000000000000000000000000000000000000000000000000000000000000000000000 4239863205922255874424077390745198734035536967526856751134925162209210627060619033890873302969735441261024456616982804547778762667407507430606172537014395013807443148659411166732019081063026657557592671312564395481307762679426223180872918932338243375892360526050331076806035896640882514219278135240054825675171/10000000000000000000000000000000000000000000000000000000000000000000000000000000000000000000000000000000000000000000000000000000000000000000000000000000000000000000000000000000000000000000000000000000000000000000000000000000000000000000000000000000000000000000000000000000000000000000000000000000000000000000000
-4263047726567081005039626736061160099972901203496922232288533699342538503903882538018451581704031453366371804301988352906747690757747145346936829968121917355402320611259154432487273197967501344833267782504595092552442009169517674332217455351179055465551441945748763678127413030687625520182725046818801903206733/5000000000000000000000000000000000000000000000000000000000000000000000000000000000000000000000000000000000000000000000000000000000000000000000000000000000000000000000000000000000000000000000000000000000000000000000000000000000000000000000000000000000000000000000000000000000000000000000000000000000000000000000 39773618045944826165409979844316364884706304541561584454183320141511136782402471110686772364272259278685608366591669045922905076574267803909279452965283197484351742063190138227138171976036683849133573548514301050016834466643121368072430370965715077952309077589510077684699258577394368353844212484127751352403/312500000000000000000000000000000000000000000000000000000000000000000000000000000000000000000000000000000000000000000000000000000000000000000000000000000000000000000000000000000000000000000000000000000000000000000000000000000000000000000000000000000000000000000000000000000000000000000000000000000000000000000

-1
-3119575851993926801721564742800348052802316626766371303693173912408715956909955421062126803700863847019431555991978347573433204145145030013835293841300988305560722954375147709807443141604413471933356334576393118724832621256329953955135706171004281611997732137878586585542801530065456335909520319149364942628181/50000000000000000000000000000000000000000000000000000000000000000000000000000000000000000000000000000000000000000000000000000000000000000000000000000000000000000000000000000000000000000000000000000000000000000000000000000000000000000000000000000000000000000000000000000000000000000000000000000000000000000000000 -798110225923438180964047244092765205255659543525014175892626288878847911236775889575324965477949246479543929613814936017705327571953296716495168309633907722000638974614197103471500301861510642456943217198061046891270442185965541841244314874281829103452515832427858315718207307475181800032799444789098306319293/1000000000000000000000000000000000000000000000000000000000000000000000000000000000000000000000000000000000000000000000000000000000000000000000000000000000000000000000000000000000000000000000000000000000000000000000000000000000000000000000000000000000000000000000000000000000000000000000000000000000000000000000
0 0

0 0

0 0

