1                                                

0.100000000000000000000e1 0.000000000000000000000e0
-0.386880220655615321914e-23 -0.195536440089106028334e-23
0.638075906578606261957e0 0.168710857117361584076e0
0.134423347908596447829e-24 0.355107056343377013987e-23
0.618881651715879433284e0 0.480942146741205040330e0
0.100000000000000000000e1 0.000000000000000000000e0
0.141359093955181562300e-23 0.473100621638982134246e-24
0.119943616528912052771e-23 0.128435452548303847146e-23
0.502743068573486366613e0 0.429802513741661073205e0
0.381649702751022398524e0 0.102370893982941839681e0

