1                                                

0.601730238426364897814e-1 0.586153441575465855454e0
0.100000000000000000000e1 0.000000000000000000000e0
0.651569256185934090686e0 -0.317078745599424164823e0
0.730711111582224341499e-1 0.729413823231372012974e0
-0.490107106619672744672e0 0.652213291272348091203e-1
-0.311757642856638622224e0 -0.774467458699806231010e0
0.100000000000000000000e1 0.000000000000000000000e0
0.186279382094444555934e-2 -0.267180238079238043691e0
0.618063135689501698508e0 -0.674059156078112696735e0
-0.161028288632500227488e0 0.162338925389870119217e0

