1

0
0.103139075452311688599679317718e-21 -0.450701391500404111541805591761e-21
0.213615350925819565924789925184e-20 0.340778622301429232006752112284e-20
-0.417538418548269132901000282840e0 -0.553219472349896647931529317790e0
-0.569077215481595352851243581430e-20 -0.817483046789676987527698562358e-21
0.100000000000000000000000000000e1 0.000000000000000000000000000000e0
-0.343506618220778670666470591804e0 -0.407532547430859718960815662403e0
0.158150856566855723040931144638e0 -0.219679967920804051975982759186e0
0.100000000000000000000000000000e1 0.000000000000000000000000000000e0
-0.281667160257654156462291733233e0 -0.515519287518353228962635414249e-1
-0.907611814254209467097961985710e0 0.395190754867854128108085455646e0

