1                                                

-0.660030241122065776155e-2 0.801545038837391427981e-1
-0.452177322533706686075e0 -0.533826833007568969701e0
0.558639425169639395046e0 -0.230578940829001219261e0
0.100000000000000000000e1 0.000000000000000000000e0
-0.181003467007129306422e0 0.792535678106212474305e0
-0.343506618220778670849e0 -0.407532547430859718926e0
0.158150856566855722981e0 -0.219679967920804051980e0
0.100000000000000000000e1 0.000000000000000000000e0
-0.281667160257654156417e0 -0.515519287518353228360e-1
-0.907611814254209467044e0 0.395190754867854128181e0

