1                                                

0.100000000000000000000e1 0.000000000000000000000e0
0.178160789945470597953e-23 0.711122292898216258519e-24
-0.491984187037794793367e0 -0.354552441169265478995e0
-0.388518361586525468849e-24 0.135149192555192648126e-23
-0.421071783069547583969e0 -0.112546640817053920179e0
0.100000000000000000000e1 0.000000000000000000000e0
0.909652054883367207330e-24 0.166868881044588742344e-23
0.577291625689538073614e-25 -0.311208541091419900956e-24
-0.378335585573730957126e0 -0.471118858818969859430e0
-0.357436280113400093022e0 -0.139987765231122141885e0

