1

0
0.296992293551560324083e0 -0.591551209257183103520e0
-0.837136891472075825706e0 -0.494460789533031872418e0
0.481526157144919389404e0 0.681675309256070140998e-1
0.100000000000000000000e1 0.000000000000000000000e0
0.702677865895383048933e-1 0.141332046053052660755e0
-0.776935813537879347635e0 -0.412462686784483102155e0
0.220675653657804938872e0 0.930710570620447525823e0
0.100000000000000000000e1 0.000000000000000000000e0
0.762581558408390204639e0 -0.623059691697008509361e0
-0.879690916746814674716e0 0.392798829053984152495e0

