10
0
0
64
0.150461103569963042649e0 -0.230078676488753700442e0
-0.322097286990667948132e0 -0.243530923945141354546e0
0.195476183627597244639e0 0.508492446904190632664e-1
0.412631213686870135178e0 0.471857931981677389160e-1
0.223258173661979060594e-1 0.616336549422266821385e-1
0.978698971681651823178e0 -0.109846016227182277072e1
-0.159975992042352635155e1 -0.111216254090757878902e-1
-0.397170371244880682433e0 0.162468777820747833560e1
0.709402665536289192614e0 0.148641778689154562237e1
-0.288788288873134792580e0 -0.158523113779860743994e1
3.79470760369927e-19
9.117520680621278e+02
4.25547334285611e-19
9.76562500000000e-5
3.90914652586594e-19
1.000000000000000e-01
1
1
-1

2 0
2 10
2541687888064606344105840182970984110042106832358741792924133225296453161017427544557921694716382568324730420291767961225144920243345958280776067162242732476497008837147298952528013486728292559415897949313241511426321001517449030950145281912476529699597244974560201959200786258316343140642353266557318050296699/5000000000000000000000000000000000000000000000000000000000000000000000000000000000000000000000000000000000000000000000000000000000000000000000000000000000000000000000000000000000000000000000000000000000000000000000000000000000000000000000000000000000000000000000000000000000000000000000000000000000000000000000 2362587262966445852715192818738709358956001093612002512397429268532480952787691341241991085052613981735754174941430552918171010285625169729470668150685029949865139296494810397050367561577398039037471397047712005641885166774712986729565414958260375572393480049751741104061462529238621649534164019663097771082097/10000000000000000000000000000000000000000000000000000000000000000000000000000000000000000000000000000000000000000000000000000000000000000000000000000000000000000000000000000000000000000000000000000000000000000000000000000000000000000000000000000000000000000000000000000000000000000000000000000000000000000000000
-7572398611984247589933134829842575418634024443359166451122789537536915887457475678169695761589405051048538365670623212433052484099827504084212310779598362637001106907477907476986581689622709784973991105559666555349764697479004061899056485017923055010716401410735137476500429165689039505778818617079707488704597/10000000000000000000000000000000000000000000000000000000000000000000000000000000000000000000000000000000000000000000000000000000000000000000000000000000000000000000000000000000000000000000000000000000000000000000000000000000000000000000000000000000000000000000000000000000000000000000000000000000000000000000000 682659819150924822040248063999546283988198450570290342458769397485691920640741779535897415553042419910576460945561084632064597702178023209392619415913755482935532013853982871380363850497821703428651962115980436231517173127873801173764130648285638572334110965470544030604982135725281929988566308991995915875149/2000000000000000000000000000000000000000000000000000000000000000000000000000000000000000000000000000000000000000000000000000000000000000000000000000000000000000000000000000000000000000000000000000000000000000000000000000000000000000000000000000000000000000000000000000000000000000000000000000000000000000000000
459387591628195589358565638156127840913523256592290599755204587623028014974000038375651538832729651728161920826510720616350086619133026633971745014592674105667337465380457856897267337905270231080500330807130132357731459005553071479815312823537138804929480129188433937127752584128852101361816285177856125125683/625000000000000000000000000000000000000000000000000000000000000000000000000000000000000000000000000000000000000000000000000000000000000000000000000000000000000000000000000000000000000000000000000000000000000000000000000000000000000000000000000000000000000000000000000000000000000000000000000000000000000000000 -746503312137653234315796824087384616596191098940982808326607100747149896682147428087289106327370945417637881090282779420253487077814246149300580504825860260093528277391601658366919677148731705768297739214713527201350916682663260897997207740020435232325270797797624007804147931486126436471527313339871861949373/1000000000000000000000000000000000000000000000000000000000000000000000000000000000000000000000000000000000000000000000000000000000000000000000000000000000000000000000000000000000000000000000000000000000000000000000000000000000000000000000000000000000000000000000000000000000000000000000000000000000000000000000
190255181492330680161098099920882822007059835145369401225037685703750939564075602374499429660922840597154743256701834502214604748755395288354550703664325728925788556045198401782812773234021644030060723320285062352625491542167425180283197678578696884801986724647432115646641768814444666787803610764908401331879/250000000000000000000000000000000000000000000000000000000000000000000000000000000000000000000000000000000000000000000000000000000000000000000000000000000000000000000000000000000000000000000000000000000000000000000000000000000000000000000000000000000000000000000000000000000000000000000000000000000000000000000 1306312393867609413711893910559810358028810755159561452111336959444176354294689134130594370937585206898735239964504840326130169895183282705523918687488063061921573547354384926786252322022169267118846009544115876222890319723884887620751127868804220130037989976722835284949344419759289240104259022482651869008609/10000000000000000000000000000000000000000000000000000000000000000000000000000000000000000000000000000000000000000000000000000000000000000000000000000000000000000000000000000000000000000000000000000000000000000000000000000000000000000000000000000000000000000000000000000000000000000000000000000000000000000000000
6417281369751076803119342325627389377278210783162704230772332324109406586662941729937712705031892221325352040108051139895169142267856521030546317820817741858912281001845360846440983866435872014349922002044955875127105410176966421360103655253735753610377630951449719181265901487656302561718757633439903789818059/10000000000000000000000000000000000000000000000000000000000000000000000000000000000000000000000000000000000000000000000000000000000000000000000000000000000000000000000000000000000000000000000000000000000000000000000000000000000000000000000000000000000000000000000000000000000000000000000000000000000000000000000 -3107510325351431251766112611295699745430842632035274223088192466630840898134197793883295408844400477021427592111208014747008260744301657435425184804082805897600067003616715188248999041155318807783986165144788430057942448554857317926818943247935151950443192601975577776800437708580113998575849558443836332517549/5000000000000000000000000000000000000000000000000000000000000000000000000000000000000000000000000000000000000000000000000000000000000000000000000000000000000000000000000000000000000000000000000000000000000000000000000000000000000000000000000000000000000000000000000000000000000000000000000000000000000000000000
0 0
0 0
0 0
0 0
0 0
0 0
0 0
0 0
0 0
0 0
3295155826550939416504235160963668973515425336131430048243532985507154135574752989243514139463827374277048536236355606362262483035409800875827694350047721902122190010162991901799341176502865551371338942834108403545594157334060331272603316222645634088409791367112940270749430127181991507499236495401354336258157/5000000000000000000000000000000000000000000000000000000000000000000000000000000000000000000000000000000000000000000000000000000000000000000000000000000000000000000000000000000000000000000000000000000000000000000000000000000000000000000000000000000000000000000000000000000000000000000000000000000000000000000000 8322200900000767320994202803830339031060014456455424780843523121170693418349822057065469506011557172489987268531535860962216909960756544387616156461589116888212903340863064441384517435021177956432140390076880226738035944686356545657554805514792892019451969751071280130269612780119030600660600448645715489259917/10000000000000000000000000000000000000000000000000000000000000000000000000000000000000000000000000000000000000000000000000000000000000000000000000000000000000000000000000000000000000000000000000000000000000000000000000000000000000000000000000000000000000000000000000000000000000000000000000000000000000000000000
-4953087044547441663182675732990033246629793462966470448275420757697479061042484162770649528571872605336714565598544376817284160739465963118741798784595055709877812589376045842122496627883872289454284982570229223087304156401876222359016477684546142861537896166247618165760676623138354948604051654260019404562857/10000000000000000000000000000000000000000000000000000000000000000000000000000000000000000000000000000000000000000000000000000000000000000000000000000000000000000000000000000000000000000000000000000000000000000000000000000000000000000000000000000000000000000000000000000000000000000000000000000000000000000000000 -2527438879929043209305524968067334780544095901434486646559244815333560366078362578168460373698350921605243707913218729221728841134987956873514291387488436288142777591470458235485591832818929177519880383306639216615169453767478958693876372244668084177473203550792866736701602934175512121262066712382689565673513/10000000000000000000000000000000000000000000000000000000000000000000000000000000000000000000000000000000000000000000000000000000000000000000000000000000000000000000000000000000000000000000000000000000000000000000000000000000000000000000000000000000000000000000000000000000000000000000000000000000000000000000000
774139801195784691178194383542847895651420757438519802339985275793206841709472903854000703340101175245524711697826527742440905764589995272722900819105888239699052245757641389734564626878632810688561892873456431588700908528958292142628542202712116337746139986799873231652866067911529206743271501492552435233569/20000000000000000000000000000000000000000000000000000000000000000000000000000000000000000000000000000000000000000000000000000000000000000000000000000000000000000000000000000000000000000000000000000000000000000000000000000000000000000000000000000000000000000000000000000000000000000000000000000000000000000000000 8870062977083248872289377654363934808467017940552907809138093216210985791395012368605890411439022026235557271202737248466306008325021205084874129990206080952016663693525358604004058444408587436841623057831383976088920945561218354197088557373360422619833295564235778692721921828361805234139964819759676180308647/10000000000000000000000000000000000000000000000000000000000000000000000000000000000000000000000000000000000000000000000000000000000000000000000000000000000000000000000000000000000000000000000000000000000000000000000000000000000000000000000000000000000000000000000000000000000000000000000000000000000000000000000
-461840759527691096404201493060039420501000053122938387528422108477014689998058700311659985375566221131545012393012320774272569342152103675125386525184851028666686417681446433884414258707022043415839854592696314909304154051533147555580265703792095469256090855014166328870418736499113837907560957917504180045603/500000000000000000000000000000000000000000000000000000000000000000000000000000000000000000000000000000000000000000000000000000000000000000000000000000000000000000000000000000000000000000000000000000000000000000000000000000000000000000000000000000000000000000000000000000000000000000000000000000000000000000000 1039350756533484550667255502436951287699322283704716104058278313734163953228666896545391166504920687883106903905486807803814547505098300449448248765968756019106108410904620213318918201445480897486540338331409857641974203225659967994476018676701633408578111582740547454505708970892279678112362364720891126666781/2500000000000000000000000000000000000000000000000000000000000000000000000000000000000000000000000000000000000000000000000000000000000000000000000000000000000000000000000000000000000000000000000000000000000000000000000000000000000000000000000000000000000000000000000000000000000000000000000000000000000000000000
-1707467880275719348053081863300915075810506978051108180400298443962946448767625133484129521569856491073075218175194788280382821441521112577031981131797319396468794130046463572630023397156605359593436302208207104323598041909816267567034256602543518782413032294679127893156397564786397183616652445885165284502867/2500000000000000000000000000000000000000000000000000000000000000000000000000000000000000000000000000000000000000000000000000000000000000000000000000000000000000000000000000000000000000000000000000000000000000000000000000000000000000000000000000000000000000000000000000000000000000000000000000000000000000000000 7467371313008684180603084060056821647532081943548426062200902693637949504845212638907954864189404280919020167803169019070304646179266849525997031624111128036367452815087503113905084514471472649474435112708115288431892211800112084401562606377016120118747364386990164381113050274290538440312802520476537102298857/10000000000000000000000000000000000000000000000000000000000000000000000000000000000000000000000000000000000000000000000000000000000000000000000000000000000000000000000000000000000000000000000000000000000000000000000000000000000000000000000000000000000000000000000000000000000000000000000000000000000000000000000

-1
8032958461254513176559421437365321896696274386486028696266181174528402409374361554709437102797256773251272955269267740230488665006881174705058067030534511801549949921757493214311554401148365467335054219995230953892501877458859428745361788374872262812039404812359846904271659347348030657375718845903188694422337/10000000000000000000000000000000000000000000000000000000000000000000000000000000000000000000000000000000000000000000000000000000000000000000000000000000000000000000000000000000000000000000000000000000000000000000000000000000000000000000000000000000000000000000000000000000000000000000000000000000000000000000000 -1755743610468055543446892924362446784308230502662696853937646036803563727415792889353250726960473796534286874538869855042972466608082772006902124684451651973860874759060163353546229743038134586826204646325138207699913528032914184673814228820764657504968270832869231644216697878630999631932846419374032334375569/2500000000000000000000000000000000000000000000000000000000000000000000000000000000000000000000000000000000000000000000000000000000000000000000000000000000000000000000000000000000000000000000000000000000000000000000000000000000000000000000000000000000000000000000000000000000000000000000000000000000000000000000
0 0

0 0

0 0

