1                                                

0.286293467280804030681e0 -0.591057145174551657883e0
-0.832901765739386198951e0 -0.488987550675222024869e0
0.490890421992551226674e0 0.590047803944744244051e-1
0.100000000000000000000e1 0.000000000000000000000e0
0.647760290911761065652e-1 0.140404052535881087606e0
-0.262269003628962942280e0 -0.808269992628322877289e0
-0.432896297215053057198e0 0.854359294254482946884e0
0.618898037127283374959e0 0.661525849609301253268e0
0.100000000000000000000e1 0.000000000000000000000e0
-0.821307001594615917225e0 -0.329923757700812455299e0

