1                                                

-0.477473341149764066292056390542e-18 -0.114493844216442262491658407852e-18
0.100000000000000000000000000000e1 0.000000000000000000000000000000e0
-0.776242939301113701115547104942e0 0.390952820411955718557062673770e0
0.730711111582224340849771636533e-1 0.729413823231372013306580216238e0
0.178799711210339213613218019886e0 -0.134504005649442750260303048236e0
0.151575457031527380541778418415e-18 0.130057944653005118070630159559e-17
0.170981606367864464755437606616e-18 -0.424068456836128412252464853930e-18
0.100000000000000000000000000000e1 0.000000000000000000000000000000e0
-0.642694346770260114468373002578e-19 0.383439570956774383191480474612e-18
0.418964538402246316778041983158e0 0.839780228903242571986537805255e0

