1                                                

-0.898725978428801974449e0 0.141247914035356661927e0
0.100000000000000000000e1 0.000000000000000000000e0
-0.234390100149922570955e0 0.414897172484194570350e0
0.730711111582224340753e-1 0.729413823231372013029e0
-0.183056144689446982914e0 -0.358002011730876428230e0
0.100000000000000000000e1 0.000000000000000000000e0
-0.266494212962624969765e0 -0.192635039280761522323e0
-0.465197328705543704794e0 -0.638489037456228703470e0
0.838019370088476004370e-1 -0.198858543498522364754e-1
0.221298965485160800654e-1 -0.192361987634498121037e0

