1

0
0.626973106996544555464e-1 0.841469296552175758850e0
-0.104399409017678956560e-20 0.428437300537651471161e-20
0.100000000000000000000e1 0.000000000000000000000e0
-0.437488026182988565799e-20 -0.464838912012439781263e-20
-0.499250426355177298946e0 0.482330065953870806489e-1
0.149640803818831964359e0 -0.363375987917065700137e0
-0.158464677673000604652e-21 0.530586683114804207048e-22
0.545775674667535590509e-22 -0.341366516334961347849e-22
0.100000000000000000000e1 0.000000000000000000000e0
-0.656166580068241469485e-1 0.449408468949939164238e0

