1                                                

0.530069022948570713668e0 0.322017375506370271082e0
-0.370198363989252941623e0 -0.570216708294576185025e0
0.548292803728421217799e0 -0.662013929932073857704e0
0.100000000000000000000e1 0.000000000000000000000e0
-0.214785506791560578619e0 0.517724253622743074157e0
0.166464036844370551126e0 -0.361442388558055909697e0
0.860121132938759301947e-1 0.282280254611215550072e-1
-0.402249698305667909278e-1 -0.219389073177233669586e-1
0.100000000000000000000e1 0.000000000000000000000e0
-0.100809343356694495610e0 0.462784364157274532057e0

