1                                                

0.561256900385666194597e0 -0.416960683178221066598e0
0.100000000000000000000e1 0.000000000000000000000e0
0.210429378782840868371e0 0.923742919207463150029e-1
0.730711111582224341295e-1 0.729413823231372012920e0
-0.407849402568537535720e0 -0.287254289074830660659e0
0.542348936289002743613e-1 0.936473119657040908447e0
-0.184960916313568277106e0 0.507223503007254855558e0
0.100000000000000000000e1 0.000000000000000000000e0
0.984274720161736104887e-1 0.206431166433693874952e0
-0.273743270098848955356e0 -0.286687633717238554124e0

