1

0
0.6299643574349482022457301999452456873909e-20 0.6309507565654696863486001227308560424583e-19
-0.7292376627147435249729750874646425103846e-35 -0.1523566507136885694142570283261947898515e-35
-0.4175384185482691330261336817989174240213e0 -0.5532194723498966478293625373369934966404e0
0.9428673206173871398813339647572786560870e-35 -0.7150367643394505858860202300127578845500e-35
0.1000000000000000000000000000000000000000e1 0.0000000000000000000000000000000000000000e0
-0.6508048861727338821268442217731321930313e-20 -0.2095714593128996931483016460585710025726e-20
-0.1544240034288294196815162078607877633634e-34 -0.1258866135927808761382408640380667825154e-35
0.3995152763677522276881290381001615536693e-31 -0.1314239460198314490757229508399620213642e-31
0.1000000000000000000000000000000000000000e1 0.0000000000000000000000000000000000000000e0
-0.1655541803786000236319129363500440509182e-20 -0.3090885346012521305767677510084506944187e-20

