1                                                

-0.551957603530192768857e0 0.594244154729930120970e-1
0.612560225470812657602e-23 -0.767522457142245303232e-23
-0.205250092209714650812e0 0.145236463144587345323e0
0.363012881881961406203e-23 0.111387533074540224029e-23
0.100000000000000000000e1 0.000000000000000000000e0
0.100000000000000000000e1 0.000000000000000000000e0
0.670228201690210500475e-23 -0.446575032034110017742e-23
0.270355607511355118646e-23 0.799164018665614933583e-23
-0.227460528377221155233e0 0.590751522531042119616e0
-0.311528058413669833848e0 0.397120004096645086867e0

