0
-0.194853281327104955767e-3 0.129141595401083939327e-3
-0.139691396387623983488e-23 0.915387818512100438556e-24
0.538384657383925028032e0 0.256318337316712752911e-1
0.127460023597869996607e-23 0.248048583601467003700e-23
-0.497181157676318629524e0 0.597719385689036718386e0
0.199604074350388466430e-1 -0.755026870314673821120e-2
0.258391745972250709110e-21 0.280953613444904784742e-21
0.547612930239689871094e-23 -0.448457967144017890762e-23
0.201767145682059711391e-1 0.127083650942424950008e-2
-0.826451591620582645442e0 -0.510995700823874751911e0

