1                                                

0.1952166999807338566473811702815488911580e-18 -0.3784718281219534344921836745661055386756e-19
-0.4269552650418865608362649549505988124465e-36 -0.2608910227092225473325077868689163860383e-36
-0.4175384185482691329905660444418056705744e0 -0.5532194723498966481180300008363899374891e0
0.1590994226896127028876098987826837577686e-36 -0.3304906691435341647345518535374404096586e-36
0.1000000000000000000000000000000000000000e1 0.0000000000000000000000000000000000000000e0
-0.1060517945463992512971698042018641226422e-17 -0.1820547919824315977083331993702611241872e-18
-0.1586759278119671104225789597700263651674e-33 0.4963602932502533691830584733242964829897e-32
0.1234052049029240346802525089940996625076e-35 0.3204656426499953193262874169485803930063e-36
-0.4340311498499326179706559263698876891598e-18 -0.4152907846171935792935268734411862351238e-18
0.1000000000000000000000000000000000000000e1 0.0000000000000000000000000000000000000000e0

