1                                                

0.335919405558338109462319152811e-3 0.865980365549289764624996144186e-4
0.778032931831939308046347286396e-34 -0.541557168076068284887641823544e-34
-0.417492116196565644877027776321e0 -0.553505693811405162892866441320e0
-0.465573411272575524138745813379e-35 0.139801443770496573407087779530e-33
0.100000000000000000000000000000e1 0.000000000000000000000000000000e0
-0.140104861932413833715424699350e-1 0.189831901352952398489772066752e-1
0.153013203996681632940870578021e-33 -0.911975495565257283133391893082e-34
-0.188083862769633467743860326365e-33 0.524220619676397957240064502542e-34
-0.194985829462879524698756880374e-1 0.109536572623366298764095674409e-1
0.100000000000000000000000000000e1 0.000000000000000000000000000000e0

