1

0.117678330782696405445e0 -0.355100994931428838727e0
0.449097558634295582799e-1 0.668669255244010982673e0
0.100000000000000000000e1 0.000000000000000000000e0
0.159117330883111283624e0 0.345855699561975315207e0
-0.171492039672088649984e0 -0.145509874248211297992e0
0.172241682106838184245e-1 0.594468182832946290164e0
0.341704261235413680081e0 0.877353324555636280050e0
-0.220113426095673170477e-1 -0.683455248633005388100e-1
0.100000000000000000000e1 0.000000000000000000000e0
-0.656404179966152845916e-2 0.710602379201820265911e-1
