1                                                

0.345601384096647413298e0 -0.833545066851785218065e0
-0.621429772586384829367e0 0.186369074731833590791e0
0.937170461225100972309e0 -0.143794382701423785557e0
0.100000000000000000000e1 0.000000000000000000000e0
0.397805598222946565714e-1 0.604115990286815717114e-1
0.100000000000000000000e1 0.000000000000000000000e0
-0.654562616482557391346e0 -0.572731018250942747303e-1
-0.260707029904795408045e0 -0.289095846287147415819e-1
-0.239415849923049464659e0 0.706523300767503021193e0
0.258574325823773316831e0 0.103928126384729575671e0

