1

0.768125566290285474226e0 -0.399301812072746848884e0
0.100000000000000000000e1 0.000000000000000000000e0
-0.295955475342132779624e0 0.534380304317164469749e0
0.730711111582224341024e-1 0.729413823231372013029e0
0.241134695282142036486e0 -0.146661778239059027967e0
0.100000000000000000000e1 0.000000000000000000000e0
0.169115217885644022284e0 0.499559383553740174564e0
-0.385458051363901296548e0 -0.728188424261201982298e0
-0.427919532573721834149e0 0.130361690491924084865e-1
-0.988404557583107197622e-1 -0.617999359030958088260e0
