1

0
0.100000000000000000000e1 0.000000000000000000000e0
-0.799097839888734600452e0 -0.399886298729718911221e0
0.650594801716809374015e-1 0.496144554218762605846e0
0.233291626929481653673e0 -0.612093146714302108516e0
0.267033620311455968378e0 0.144395911192109650304e0
-0.189755504267407429072e0 -0.841066803939769307228e0
-0.450245064847068880872e0 0.843195778445044080642e0
0.500330332388998454834e0 0.748604160430106732051e0
0.100000000000000000000e1 0.000000000000000000000e0
-0.763446465517802654109e0 -0.440631243858784240713e0

