1                                                

-0.391286453904557735570e0 0.726922827808415308458e0
0.100000000000000000000e1 0.000000000000000000000e0
-0.476663661075542245801e0 -0.865742273647447345961e-1
-0.479984164026352380064e0 0.496175089618045060593e0
-0.208589703915907212034e0 -0.344929761767553027710e-1
-0.262269003628962942280e0 -0.808269992628322877289e0
-0.432896297215053057198e0 0.854359294254482946884e0
0.618898037127283374905e0 0.661525849609301253268e0
0.100000000000000000000e1 0.000000000000000000000e0
-0.821307001594615917334e0 -0.329923757700812455299e0

