1

0
-0.6577727891294630756024261579078073078177e-20 -0.6045820008619405357537217505181686131734e-20
-0.4175384185482691330369512111568963559816e0 -0.5532194723498966477698695700327231276406e0
0.1256950353221411315376072744919989032836e0 -0.7118112572158785071512449171582677721828e-1
0.1000000000000000000000000000000000000000e1 0.0000000000000000000000000000000000000000e0
-0.2727725036511304853897826813458876021376e-1 0.2066191467498658211818275407266465659809e0
-0.2098458471674334751660328350844701509034e-19 0.1325724867262046346675034087415422844014e-19
-0.1648901455456306704211535600765890136931e0 0.7170596699506621046982559044747057455138e0
-0.2274793115385375661155982077931440275417e-19 -0.1182921757479535186375960332839717905768e-19
0.1000000000000000000000000000000000000000e1 0.0000000000000000000000000000000000000000e0
0.4192168199189535481494302016528101163021e-19 -0.2460701637091642332045130021174330260259e-19

