1                                                

0.100000000000000000000e1 0.000000000000000000000e0
-0.346484310139950867785e0 0.843114599449918454099e0
0.374770098911880621486e0 -0.700615554039822099961e0
0.771788434701193988964e0 -0.173548236542353951527e0
0.195122956583159842085e0 0.464632670834813326792e0
0.100000000000000000000e1 0.000000000000000000000e0
0.239615857469723245242e0 -0.823695166313663716142e0
0.134324491381177541101e-2 -0.351434738520620974106e0
-0.296481751799486764929e0 0.452604513739856634543e-1
0.446128732938984508976e-1 0.105970204966645179876e0

