5
0
0
52
4.025469320850051e-01 -5.737433396603495e-01
-5.591415889142017e-01 -4.705051144709368e-01
-7.656218138518077e-01 8.129380524256048e-04
-5.556536133988210e-18 5.266512052848338e-17
9.533987939475989e-01 -3.059555725564306e-01
1.241267076623637e-16
3.950041942071424e+00
1.178630584900129e-16
9.765625000000001e-05
2.363989141442495e-13
0.000000000000000e+00
1
1
-1

2 0
2 5
7128119892388184116175614218582567315178453735636810178825937728809752398976333990305491929311034941994611283181709085755042445892362378002566725077974756894067555561018063941678293223138981862737157938331530240935979182062115822840108741350914523101657852178796086404934447020773848603350978160826689137088807/10000000000000000000000000000000000000000000000000000000000000000000000000000000000000000000000000000000000000000000000000000000000000000000000000000000000000000000000000000000000000000000000000000000000000000000000000000000000000000000000000000000000000000000000000000000000000000000000000000000000000000000000 524401700697425924748805091511300401917707215642750947458461179759696003605458060839385443438852963521285281265223949789536922965987210443404908861739066823284954544693668522576882375575395049375506717517883739535181252682915662925340042385910567838541995704119348049662280408304210746506403205209915444578191/20000000000000000000000000000000000000000000000000000000000000000000000000000000000000000000000000000000000000000000000000000000000000000000000000000000000000000000000000000000000000000000000000000000000000000000000000000000000000000000000000000000000000000000000000000000000000000000000000000000000000000000000
0 0
-9111447498703537388572062697300563906336265605149281556339938115475773108798089052725435613083015303668271490011893769622912107039234596801084635674295419711111884200855927995778678184233785866201990265148918952591374517740619447357371816361536337381072323315170775011827256622648729045303212757256049064909233/10000000000000000000000000000000000000000000000000000000000000000000000000000000000000000000000000000000000000000000000000000000000000000000000000000000000000000000000000000000000000000000000000000000000000000000000000000000000000000000000000000000000000000000000000000000000000000000000000000000000000000000000 -5213501150082421304003516144638942226234013430405659653314407683653616116088193623122801901804127122781778262454866563551008268327286292425075551269786861639949204087120116048883413853902461112538321848614654574872471683311372823999814105996498723991039573825981674252201538674414758747425745855546918404273053/10000000000000000000000000000000000000000000000000000000000000000000000000000000000000000000000000000000000000000000000000000000000000000000000000000000000000000000000000000000000000000000000000000000000000000000000000000000000000000000000000000000000000000000000000000000000000000000000000000000000000000000000
0 0
0 0
0 0
173585625286987271537415338378105842033890325092583234065900623102880054796435480718720935169799634889472351310306979527813679478249833781957911817064182514151087941747629356373278820127069845329441438734191545422484598714799309860619882212867418731792559643524567549440415232152599455467984899703452497208401/500000000000000000000000000000000000000000000000000000000000000000000000000000000000000000000000000000000000000000000000000000000000000000000000000000000000000000000000000000000000000000000000000000000000000000000000000000000000000000000000000000000000000000000000000000000000000000000000000000000000000000000 8692135515563287961112942121577895167651331926980159263712488997210007896812329455697669397570709755630249846635694812504820479445881954090765408719131352077766640701652291032012231051226483694596242828749285877976751806957142790715532353796669350503540863319592975809032477178627624227004268914854919066973451/10000000000000000000000000000000000000000000000000000000000000000000000000000000000000000000000000000000000000000000000000000000000000000000000000000000000000000000000000000000000000000000000000000000000000000000000000000000000000000000000000000000000000000000000000000000000000000000000000000000000000000000000
0 0
871787172380929362338192604203374727802039032994806453686087190808129925923263446209743337201506525546876556718671421723575133986451711249547085915931283551437609443852380493645540860441961473674672465715874522409174853054177817811206887429111471864144865462913117813079867162973250818935357535162800787667021/1000000000000000000000000000000000000000000000000000000000000000000000000000000000000000000000000000000000000000000000000000000000000000000000000000000000000000000000000000000000000000000000000000000000000000000000000000000000000000000000000000000000000000000000000000000000000000000000000000000000000000000000 -6724161087449514221306955200639228433689168847456226559811937234609008804689608378304116708632744107780154348787115322195044287547410358862668377997186469364007727101568415322125384459499594165258482156466271374220138432930953254988310780424551311401061398883465406064104678270701099267941062911306861229596093/10000000000000000000000000000000000000000000000000000000000000000000000000000000000000000000000000000000000000000000000000000000000000000000000000000000000000000000000000000000000000000000000000000000000000000000000000000000000000000000000000000000000000000000000000000000000000000000000000000000000000000000000
1096941011932674207815965621120898268200370035168857171902712762975883966026742062059323425143640526397659933148248539750481385524217527529066770213438920790290861017752830716786692083376660185437861439099736574949169780772396133360112179750595643939174093786277842222187890535189973473472181447528016445881843/2000000000000000000000000000000000000000000000000000000000000000000000000000000000000000000000000000000000000000000000000000000000000000000000000000000000000000000000000000000000000000000000000000000000000000000000000000000000000000000000000000000000000000000000000000000000000000000000000000000000000000000000 8571092266804855919040721792425500445656393279378029872497971573479718888967924184480170434329485173134294762886840619055402673420703425925166922443815881626637384222593560525725736032552336232195974299577792564798867327458750561826553120561919214897354523720573425847848133408659557326547785066333036204895729/10000000000000000000000000000000000000000000000000000000000000000000000000000000000000000000000000000000000000000000000000000000000000000000000000000000000000000000000000000000000000000000000000000000000000000000000000000000000000000000000000000000000000000000000000000000000000000000000000000000000000000000000

-1
1407844342470934075687963890283966610154537844345095758930080977558725805546024414123666458946206843503395758560211277166178228528915374759595895834075663004802806981207272755304821678159184856425640825541269379927203951661439708050912977054174370668479772099940914435084039151660698826308218066750643913205863/2000000000000000000000000000000000000000000000000000000000000000000000000000000000000000000000000000000000000000000000000000000000000000000000000000000000000000000000000000000000000000000000000000000000000000000000000000000000000000000000000000000000000000000000000000000000000000000000000000000000000000000000 -363964606973122002382717456732481383695425772708246784334342766101462000675458450638710426603882242988832878377576277015754478886672562962563045831826435071915047674846565540178403010917858231218575686831357345514364730972154435468708638939729604822350429822944070678730614983518543500344119338766830278352689/625000000000000000000000000000000000000000000000000000000000000000000000000000000000000000000000000000000000000000000000000000000000000000000000000000000000000000000000000000000000000000000000000000000000000000000000000000000000000000000000000000000000000000000000000000000000000000000000000000000000000000000
0 0

0 0

0 0

