1                                                

0.161125177141035938450e-1 0.486850959341069781076e0
0.100000000000000000000e1 0.000000000000000000000e0
-0.605533440434117387036e-1 0.991552645269644031612e-1
-0.643628356111835634823e0 0.678152598232054137526e0
-0.244447470470887360606e0 -0.101630340473684831784e0
0.479580007885745520442e-1 0.884848446393310800445e0
0.100000000000000000000e1 0.000000000000000000000e0
-0.377073204136047047936e0 0.382277940717551466645e0
-0.410289800610191478881e-1 -0.339926944995007598751e0
0.109606139423357882792e0 -0.132609896497299209990e0

