1                                                

0.1871412974567077733917390276607210137417e-18 -0.2761982659589361752122961153763033718259e-19
-0.8814201781652273543166123481909379149390e-37 -0.2083771946267050913891028310827844178173e-37
-0.4175384185482691329821572012383752010927e0 -0.5532194723498966481129298029888163783676e0
0.8758686053298491803452923494024597474170e-38 -0.6581464107597110016053249796598072767138e-37
0.1000000000000000000000000000000000000000e1 0.0000000000000000000000000000000000000000e0
0.4511949049740986104981117208214949475998e-18 0.2110683840602093470217686598585876730487e-18
-0.5166215702172283994939212655788918102272e-33 -0.9769286130854603367504760570947717671557e-33
0.2303575111331164967732883575837926272818e-36 -0.1438990616790284793663692526151651728324e-37
0.5887273615088254042936135604635989684759e-19 0.3001008499464804596428525901046907884501e-18
0.1000000000000000000000000000000000000000e1 0.0000000000000000000000000000000000000000e0

