1                                                

-0.309077010608307195717e0 0.533535608143250785482e0
-0.109407974981773047592e-23 -0.964007907243741795959e-24
-0.176139941836197103515e0 -0.182974911117448552143e0
0.623215070233039971778e-24 -0.868478022182186612037e-24
0.100000000000000000000e1 0.000000000000000000000e0
0.100000000000000000000e1 0.000000000000000000000e0
0.215598440459411414769e-23 0.361296429230404421291e-23
-0.648575268720029283633e-25 -0.105702331450570401742e-23
0.276845390916227328850e0 0.172351366326844367989e0
0.430099274851509955921e0 0.804194969144846186676e-1

