1

0
0.2671537813151316402501305005901804211653e-19 -0.5119983011950019691493409605064449586948e-20
0.2338248624476418057906022935537248565355e-19 0.1124368048842396016637408930088048518510e-19
-0.4175384185482691327556389267488326275665e0 -0.5532194723498966480889636498838492447332e0
-0.6492711837066202251329907964075891874015e-20 0.1787709712093180051815997392333705382679e-19
0.1000000000000000000000000000000000000000e1 0.0000000000000000000000000000000000000000e0
-0.1995244214993450194442828124252337481512e-21 -0.2921282814914662651277245986929189457782e-20
0.3973961975392908808470163854797132220580e0 -0.5639995524151402480399730198617438682009e0
-0.3337509073859148458188041385883826910995e0 -0.7087055054909165490426228420667488682476e0
-0.8028056031145660427585895664417564079705e0 0.4912648368883423828638056258201142594824e0
0.1000000000000000000000000000000000000000e1 0.0000000000000000000000000000000000000000e0

