1                                                

0.407756029236885918823e0 -0.493953286023649730920e0
0.100000000000000000000e1 0.000000000000000000000e0
-0.124916879929170293056e0 0.545845366490349919873e0
0.730711111582224341024e-1 0.729413823231372012974e0
-0.748814014900084492956e0 0.771636197227030760644e-1
0.123126082006387046412e0 0.737909819837285024433e0
0.115736658258548237258e0 0.333904172459622365350e0
0.100000000000000000000e1 0.000000000000000000000e0
-0.123756039974861968056e0 -0.200771096035166277111e0
0.115770139218675116943e0 0.613698865716516678216e0

