1                                                

0.473460709642132466357e0 -0.552726201576784430920e0
0.100000000000000000000e1 0.000000000000000000000e0
-0.590882462888512169423e-1 -0.550880184450220450831e0
0.730711111582224341160e-1 0.729413823231372012920e0
-0.221250036647158678828e0 0.373006439865566687657e0
0.100000000000000000000e1 0.000000000000000000000e0
-0.367224700391184076759e0 -0.835797250315797040352e0
0.707008309884270011195e-1 -0.319078183698006150255e0
-0.464288031645254317198e0 0.595946461253264749914e0
0.612942659704701683633e-1 0.245545884323852606866e0

