1                                                

0.635873989875679308228e0 -0.372132640889555443028e0
0.100000000000000000000e1 0.000000000000000000000e0
0.705272640622818416161e-1 -0.530688776596527429850e0
0.730711111582224340889e-1 0.729413823231372012974e0
-0.246418720376173288937e-1 0.154197834750069510311e0
0.100000000000000000000e1 0.000000000000000000000e0
0.691331888598730137663e0 0.528429499294719514908e0
0.169913647241353026943e0 -0.625614966953111372209e0
0.358689985216048777284e0 -0.416961055286467501501e0
-0.133378871715543406186e0 0.359506098538028888976e0

