1                                                

0.623669077307937066773e0 -0.408696871735932084084e0
0.100000000000000000000e1 0.000000000000000000000e0
0.194944357951433961453e0 -0.498861250201736639731e0
0.730711111582224340753e-1 0.729413823231372012920e0
-0.582165447770217396789e-1 0.121495756124072586494e0
0.100000000000000000000e1 0.000000000000000000000e0
0.426653655458913467347e0 0.537529815644362664361e0
-0.133536091837916222699e0 -0.706003882946944167861e0
0.416774267561395856199e0 -0.151599472583569521166e0
-0.723928254467090173668e-1 0.428436890450548069087e0

