1                                                

0.100000000000000000000e1 0.000000000000000000000e0
0.686474514008372117520e0 0.472394409965506148052e0
0.780196537098612831788e-1 0.714925946038474039639e0
-0.501148640767327982275e0 0.768821716075346827464e0
0.131157759554858754382e0 -0.168568405743912201334e0
0.573619189996013496556e-18 0.779975293901736841951e-17
0.397396197539290877728e0 -0.563999552415140247290e0
0.333750907385914847094e0 0.708705505490916545948e0
0.802805603114566042149e0 -0.491264836888342381493e0
0.100000000000000000000e1 0.000000000000000000000e0

