1                                                

0.234408874210978715761e0 -0.452606476397365257590e0
0.100000000000000000000e1 0.000000000000000000000e0
0.212152824348179935466e0 0.483566670865405592069e0
-0.388889739091435188996e0 0.632442260555786428078e0
-0.443052532428930864091e-1 -0.354182013250224991542e0
-0.345761683770704284847e0 0.840844830730468489519e0
0.100000000000000000000e1 0.000000000000000000000e0
0.202947423799258460687e0 0.202575730629955336927e0
0.358521404248107760651e0 0.887702989408582048328e0
0.233193570640792345553e0 0.107773628304757548344e0

