1

0
-0.247147826295851503324441807820e0 -0.898912810764616524220279451917e0
-0.417538418548269132695596030317e0 -0.553219472349896648426708405465e0
0.771001110784677815120990160186e0 -0.196491939475135344783936417712e0
0.100000000000000000000000000000e1 0.000000000000000000000000000000e0
-0.120123274541997130915539268035e0 -0.211528079198011123518299369411e-1
-0.347925002443400652859431522009e-19 0.102852990233238965938371684431e-19
-0.363995751956988685507217224135e-20 -0.125145937122995787054168287121e-20
0.148119908190545673202058144902e-19 -0.522078234119597575603822851006e-20
0.201812891939305951705434733127e-19 0.252360791311548211947515943201e-19
0.100000000000000000000000000000e1 0.000000000000000000000000000000e0

