1                                                

-0.306113580386451026352e0 -0.898686603129434137321e0
-0.232342417862147783127e0 -0.588271719942651176742e0
0.720322648226127378761e0 -0.335398286613309494833e0
0.100000000000000000000e1 0.000000000000000000000e0
-0.144090812362371207652e0 -0.627816932812193480604e-2
0.407210673079212992877e0 -0.246494627118761845495e0
-0.177632877428093888657e0 0.126641107447583237285e0
0.729288779360057217335e-1 0.262979327813670202290e0
-0.792947679032846496463e0 0.317744140612927957032e0
0.100000000000000000000e1 0.000000000000000000000e0

