1                                                

0.4341917989204042746325969155842006689066e-18 0.2703347797066693957330459752761697460437e-18
-0.6724201150954161363186318967626921903868e-19 0.5897649072237535880493973735014256533881e-18
-0.4175384185482691329231526142243837632583e0 -0.5532194723498966475474855068973352037969e0
-0.4350961242832957700724639884902252227186e-18 -0.5952475603965809098561577387927432321411e-20
0.1000000000000000000000000000000000000000e1 0.0000000000000000000000000000000000000000e0
-0.3312476542445035805667729020524940114185e-18 -0.1599680310523536622678814354474397008812e-18
-0.3973961975392908805904770266802850627396e0 0.5639995524151402480849094777227825923261e0
0.3337509073859148454617438533382520777020e0 0.7087055054909165489573351015733246322714e0
-0.8028056031145660426333576769200777123595e0 0.4912648368883423831233259802592788109782e0
0.1000000000000000000000000000000000000000e1 0.0000000000000000000000000000000000000000e0

