1                                                

0.454310186823954337314e0 -0.448560252005496240226e0
0.252811491738455033641e0 0.596150959374478194041e0
0.100000000000000000000e1 0.000000000000000000000e0
-0.416367533885491795291e0 0.227965609765306348472e0
0.858310670408262605150e-2 0.745045605488432244518e0
0.537214025452950795817e0 -0.780531369071016957115e0
-0.436235009026451291754e0 -0.298958655526827329956e0
-0.401411429616336152409e0 0.674297256373124853136e0
-0.719806917272205679971e0 -0.227240881455248042506e-1
0.100000000000000000000e1 0.000000000000000000000e0

