1                                                

0.196736137327259723054e0 0.117399341415184600682e0
-0.735292915263885973236e0 -0.488778141717587509552e0
0.257273819925088183356e0 -0.520318686731407748685e0
0.100000000000000000000e1 0.000000000000000000000e0
-0.815273262213658509476e-1 0.448934297049171719950e0
0.100000000000000000000e1 0.000000000000000000000e0
0.359334041198561096332e0 -0.351581372719116978413e0
-0.310045397030383182842e0 0.351243208446467423790e-1
0.153677710991770738734e-1 0.552613164839080851158e0
-0.252440274233069940715e0 -0.198427478710109087055e0

