1

0
-0.812396220223597666454005976934e-20 -0.133262706696405444400738814767e-19
-0.417538418548269132913052663518e0 -0.553219472349896647978454481141e0
0.125695035322141131562427984148e0 -0.711811257215878506956260410926e-1
0.100000000000000000000000000000e1 0.000000000000000000000000000000e0
-0.272772503651130485168005848280e-1 0.206619146749865821042612011927e0
0.100000000000000000000000000000e1 0.000000000000000000000000000000e0
0.415869145621186285265060852223e0 0.339877227866587399237609479207e-1
0.148884682798174347355022476951e0 -0.400229199361517684406172514033e0
-0.149887367874129263177443874790e0 -0.274724526073867242341198168471e-2
-0.422307201796240483287803844168e0 -0.249804221131768791745227499704e0

