1                                                

0.171977284241933989429e-1 -0.755511974567745828266e0
0.100000000000000000000e1 0.000000000000000000000e0
-0.455416459830112314963e0 0.345028579934193224688e0
-0.692121720924881014337e0 -0.696713165572675626152e-1
0.237543142624561134674e0 -0.418442285293947858240e0
0.100000000000000000000e1 0.000000000000000000000e0
0.415869145621186285278e0 0.339877227866587399148e-1
0.148884682798174347324e0 -0.400229199361517684418e0
-0.149887367874129263183e0 -0.274724526073867239179e-2
-0.422307201796240483274e0 -0.249804221131768791736e0

