10
0
0
64
0.157839667354966975489e0 0.425669641476645923108e0
0.873494257867968434682e-1 0.475913300597700866931e0
-0.539130519428257181125e-2 0.260585373059826093107e-1
-0.340755020514356259429e0 0.984893923098636082353e-1
-0.256758203957152913633e-1 0.278086198284765776911e-1
0.277301355379173674335e0 -0.672458196223409054079e0
0.204682437497740494237e0 -0.130751419966994815959e0
0.537017034363278131465e0 -0.118750244664290352426e0
0.205870741347594511888e-1 0.157647757618566441463e-1
0.472916516205598586426e-1 -0.279742129048413778286e-1
7.36285551438871e-20
2.287994571040863e+01
5.60341755068616e-20
9.76562500000000e-5
4.26092494054607e-17
1.000000000000000e-01
1
1
-1

2 0
2 10
81271844114783026107652693814634366157478294421160812637306319009717295169853700342581643819848880031535874974743314301816010941441586407846887822769205291986505059205856895504315391842914438722745139620993612068153317647194937117974001975269352777314315248679595122764218042801965182708005243347953209288297/100000000000000000000000000000000000000000000000000000000000000000000000000000000000000000000000000000000000000000000000000000000000000000000000000000000000000000000000000000000000000000000000000000000000000000000000000000000000000000000000000000000000000000000000000000000000000000000000000000000000000000000 -2834639908808571146037329847717327788224528920223094285925996057685050908777415634997814050356529213057418886491067418578488009978399069485492321043946925374593317427144667141564382378615006911152825426982087319890363677537461823718786796763992585565181745725261051995642496060486389592061869454116342375826243/5000000000000000000000000000000000000000000000000000000000000000000000000000000000000000000000000000000000000000000000000000000000000000000000000000000000000000000000000000000000000000000000000000000000000000000000000000000000000000000000000000000000000000000000000000000000000000000000000000000000000000000000
-1217055769309760454150412921453651792771996485451593568164768329694868099635263471949977360769974471911045152957897583640166647762688313797275457059052388741493960925191372148187422630751195661478057826844915032156252534018484279088460066445741382980804392108463658091602506226466813893398239441473926676450961/2000000000000000000000000000000000000000000000000000000000000000000000000000000000000000000000000000000000000000000000000000000000000000000000000000000000000000000000000000000000000000000000000000000000000000000000000000000000000000000000000000000000000000000000000000000000000000000000000000000000000000000000 -7107356828487350979365344075464238979727208754876061417897325979737993836922058893093000547194216523802764513981009274106230897688979542456253243100449099732550203886954554503690281857140909210881904521744057626312604687680233975289251831839405686974142491418788531949019548214471507367267656081274520611434327/10000000000000000000000000000000000000000000000000000000000000000000000000000000000000000000000000000000000000000000000000000000000000000000000000000000000000000000000000000000000000000000000000000000000000000000000000000000000000000000000000000000000000000000000000000000000000000000000000000000000000000000000
-1376488352753115190820824813598435516225866075779566108590667587883602379778355677094806638304216306199940605669329330439804321769179265443086896156829381553660226422811761076449936971446182415096855854216648097010041320810805350333285547777604391633925441433211525141810269795426347765975063417648585965176313/2000000000000000000000000000000000000000000000000000000000000000000000000000000000000000000000000000000000000000000000000000000000000000000000000000000000000000000000000000000000000000000000000000000000000000000000000000000000000000000000000000000000000000000000000000000000000000000000000000000000000000000000 -5777097996971429411662209165120708085224341425543746942587883160202533905216168784126414455953327350158374751526485847404948261453590076633053166817752529496462153111957598447658332048397414886485608717763602822747696536292905301838388349903285766071940890139445434487949203906989296116997688278009280317127209/10000000000000000000000000000000000000000000000000000000000000000000000000000000000000000000000000000000000000000000000000000000000000000000000000000000000000000000000000000000000000000000000000000000000000000000000000000000000000000000000000000000000000000000000000000000000000000000000000000000000000000000000
-1633695777052919508319251792853326776439565757449204038463587210018491293450436703716603236897596622983472963530770468974565044184101850672641207216855465835367695029091594736020747822930285711274679612236314907178683995741108644510755410300868267286111641338358006448506972422429077065184660915891405715267051/2000000000000000000000000000000000000000000000000000000000000000000000000000000000000000000000000000000000000000000000000000000000000000000000000000000000000000000000000000000000000000000000000000000000000000000000000000000000000000000000000000000000000000000000000000000000000000000000000000000000000000000000 -2245784066849787494695136658995606791104526495909759566253732093318075151107810792036795667653811077806608615411126302485892814411404837143247281966883803289171567296858711328781633910230664176692014068463422413180617638206252474460394261154852242707845920733402934204755205756501201231686053616548244830307681/5000000000000000000000000000000000000000000000000000000000000000000000000000000000000000000000000000000000000000000000000000000000000000000000000000000000000000000000000000000000000000000000000000000000000000000000000000000000000000000000000000000000000000000000000000000000000000000000000000000000000000000000
3279526384749470354295694856977736230769096632343378563867958522682886146334687616535935325139307427580893847156225879179999707620189587225055244595701416548258292339748113136585053196429697016986605207850344908456108344234830150528732108309445291694333118900485673977656996774162727303020202635494824376104957/5000000000000000000000000000000000000000000000000000000000000000000000000000000000000000000000000000000000000000000000000000000000000000000000000000000000000000000000000000000000000000000000000000000000000000000000000000000000000000000000000000000000000000000000000000000000000000000000000000000000000000000000 -7478492752222440772658104392009332664654674855379505375052826307072185475656480259274066730509424333741418570325709041937153331748408116220229083698654195538641142700710570100374604107399498773628483973567940395536704485831249496920013328770100231851583663844964605557077278860246195836538039160039332444641159/10000000000000000000000000000000000000000000000000000000000000000000000000000000000000000000000000000000000000000000000000000000000000000000000000000000000000000000000000000000000000000000000000000000000000000000000000000000000000000000000000000000000000000000000000000000000000000000000000000000000000000000000
0 0
0 0
0 0
0 0
0 0
0 0
0 0
0 0
0 0
0 0
1545639228494336330629268425090947842445756113501381708829485218585771514400520044513075815178367511155983571893997729138722089348306251257168629136302536765692762380026457204136382277733866492994831545565917851466628095976893594520479314889505437435305427869214941659605226612695905653599738645953167853469/8000000000000000000000000000000000000000000000000000000000000000000000000000000000000000000000000000000000000000000000000000000000000000000000000000000000000000000000000000000000000000000000000000000000000000000000000000000000000000000000000000000000000000000000000000000000000000000000000000000000000000000 9059742817337563113537387246925086902311101790897877544390227643334319813421352897308965163124620204645076230111780550326622030805221164035111730651057546992068116878093029559000634905541706304695562749537023477006233743007719955766244057646583017662052992014918245714475445027028210072447076918635278301867001/10000000000000000000000000000000000000000000000000000000000000000000000000000000000000000000000000000000000000000000000000000000000000000000000000000000000000000000000000000000000000000000000000000000000000000000000000000000000000000000000000000000000000000000000000000000000000000000000000000000000000000000000
2721804821296826011628233439370983253535627796786140254904367095940846009782416818568410680834891070157771157702741586428859856740708848174170375704767762020524310536150738746887365131928722804749329238337893549790890325094163527415207600036225121238016728657687783331443528225436870738488984438580339540427681/10000000000000000000000000000000000000000000000000000000000000000000000000000000000000000000000000000000000000000000000000000000000000000000000000000000000000000000000000000000000000000000000000000000000000000000000000000000000000000000000000000000000000000000000000000000000000000000000000000000000000000000000 8660167653085310668148419118288542088314201548754802234590515187852935965299571681752549077107925446878889010038489353178697877989040806743824890854431330965547573415031435793586368527111623621090480118212880800366583891982883893873906114638473741622400176641275070298979360880864394909060249406054160712103779/10000000000000000000000000000000000000000000000000000000000000000000000000000000000000000000000000000000000000000000000000000000000000000000000000000000000000000000000000000000000000000000000000000000000000000000000000000000000000000000000000000000000000000000000000000000000000000000000000000000000000000000000
3057342395205486880799051861021916471048009637329223726442648185720066551953338955857141029898254695011539706785094831447612341998094300709225680438761358195447654799078608116903062320465012932257578653371322158700135263365862976934354730201284296473020143723015985915140951449274569882539978066866313606103089/10000000000000000000000000000000000000000000000000000000000000000000000000000000000000000000000000000000000000000000000000000000000000000000000000000000000000000000000000000000000000000000000000000000000000000000000000000000000000000000000000000000000000000000000000000000000000000000000000000000000000000000000 -3937322747794295673862293507625695369973589306181358600134629340244623327643468699777250086994132400491136970631636096687112899611387597347033332821965250763914962299734701240633057053277331732755941618326535308033825666472775714858119400234397526891802499339457502358414755760888900301913763516910374719470761/10000000000000000000000000000000000000000000000000000000000000000000000000000000000000000000000000000000000000000000000000000000000000000000000000000000000000000000000000000000000000000000000000000000000000000000000000000000000000000000000000000000000000000000000000000000000000000000000000000000000000000000000
-357795551970835093670688186108575193336286023670136092259395647432861411994419907766942449425906017551504735499495078857119395867589987500326570509561053456116878989007093575886965018660732095309943973195764230930767102345225805588862189732490407508215511730677299592402329545233007212626037242350422758054253/500000000000000000000000000000000000000000000000000000000000000000000000000000000000000000000000000000000000000000000000000000000000000000000000000000000000000000000000000000000000000000000000000000000000000000000000000000000000000000000000000000000000000000000000000000000000000000000000000000000000000000000 -332717977799902903254381057900830273259467152651802156020162687110354774552481237311277297598040855889948016550454486429362927827116067554173630920053661779738189545851783601731247052013111674332291755289195202831834234835258927277475581791519319465386904866833049242722017412615525917789704866569943325495351/500000000000000000000000000000000000000000000000000000000000000000000000000000000000000000000000000000000000000000000000000000000000000000000000000000000000000000000000000000000000000000000000000000000000000000000000000000000000000000000000000000000000000000000000000000000000000000000000000000000000000000000
7721805026335039275805356366394523982326273118763034640927166774733166092269922971555534279200561130026772305343851831608626972256144211733244713009786192273703131060407929172990450065386778787356138429473275004727076047407252831925218905605079932887942903529493860283810228420926684781127549912555622443512117/10000000000000000000000000000000000000000000000000000000000000000000000000000000000000000000000000000000000000000000000000000000000000000000000000000000000000000000000000000000000000000000000000000000000000000000000000000000000000000000000000000000000000000000000000000000000000000000000000000000000000000000000 3314802338696670582609947108941337636938648721169314935730804233558277225624998751259967464328820575552740292040154534653760808138715703632578336971962811830087999668958534863869721865167589794351687681869098336315685409827456316525071945223174623038126617418081938261189670569978609271801914350747672052614369/5000000000000000000000000000000000000000000000000000000000000000000000000000000000000000000000000000000000000000000000000000000000000000000000000000000000000000000000000000000000000000000000000000000000000000000000000000000000000000000000000000000000000000000000000000000000000000000000000000000000000000000000

-1
7232615652445932341487793907854075665047317248296800989878351129374605629018524805775738200712662721676709890097633262238050822147648124435208768958325991029666660909664378864058469797152243711909459311506734370360875697881624516702150584536746758697640570067021240246072070422499647117313932733001299258993677/10000000000000000000000000000000000000000000000000000000000000000000000000000000000000000000000000000000000000000000000000000000000000000000000000000000000000000000000000000000000000000000000000000000000000000000000000000000000000000000000000000000000000000000000000000000000000000000000000000000000000000000000 1293545279989964375224778003766574639115340580475067249319270220893631277037580412653164088003710203102827437024876904539794495288782201874601917022776785192591139198955863952417882711530947025988098958057800587721610896824428134669555351101893332242469638206247848838714958874088045963964622971915758791184403/2000000000000000000000000000000000000000000000000000000000000000000000000000000000000000000000000000000000000000000000000000000000000000000000000000000000000000000000000000000000000000000000000000000000000000000000000000000000000000000000000000000000000000000000000000000000000000000000000000000000000000000000
0 0

0 0

0 0

