1                                                

0.100000000000000000000e1 0.000000000000000000000e0
0.827885749529022955105e0 -0.463833732515435501350e-1
0.132177920840509114308e-1 0.686740840119050440036e0
0.943272052479196685055e-1 0.600482025139977815568e0
0.128661332305131844214e0 -0.967521986532560463804e-1
0.100000000000000000000e1 0.000000000000000000000e0
0.370298520354943164039e0 0.337642953301749339847e0
0.568109877128929388525e0 0.209778176121109148113e0
-0.389477541822004360189e0 0.427494440770230325010e0
0.605980775259101825002e0 0.245983310905941407403e0

