1

0
0.100000000000000000000e1 0.000000000000000000000e0
0.786293092044062074731e0 -0.210918595580925200635e0
0.250043189675931262143e0 -0.899652951929793532682e0
0.211302249124968300208e0 0.558120994305246469474e0
-0.129339396579159794724e0 0.441573649985312706873e0
0.100000000000000000000e1 0.000000000000000000000e0
0.248398135366606385977e0 0.366024291617046957059e0
0.697490329895349444646e0 0.238235043590464567784e0
0.540569712578619200149e0 -0.158637026479453306746e0
-0.687302780540802789745e0 -0.547003433762915786218e0

