1                                                

0.615827617277891509510e0 0.222047434320066736020e0
0.354490062374369873997e-1 -0.339634228810449955148e0
0.540758378858804334777e0 -0.693516889412766687891e0
0.100000000000000000000e1 0.000000000000000000000e0
-0.170427845410197144598e0 0.454590019699246050054e0
0.100000000000000000000e1 0.000000000000000000000e0
0.176799325102910157392e0 0.406309738140214073170e0
0.739913940554314189990e0 -0.924405037229997902026e-1
0.526767704236817843947e0 0.590908389496283060392e-1
-0.758689834192209864683e0 -0.348067393758850114843e0

