1                                                

0.118284084817002452605e0 -0.538027190728068348171e0
0.514663108314904993989e-1 -0.246054177010157755013e0
0.440396048532789915971e0 -0.743690740424588029320e0
0.100000000000000000000e1 0.000000000000000000000e0
-0.589680004703151957781e-1 0.245506866697267383019e0
0.100000000000000000000e1 0.000000000000000000000e0
-0.964516806312554913315e-1 0.398337437409923679710e0
-0.393246500623145991110e-1 -0.560186031239726309520e0
0.395220684003103719294e0 0.309589097868379350601e0
-0.164187959880472516164e0 -0.254964968759778046274e0

