1                                                

-0.900361855549937949875155079197e-19 -0.275320746051041780389423392255e-19
0.100000000000000000000000000000e1 0.000000000000000000000000000000e0
-0.776242939301113700765101938768e0 0.390952820411955718875760066309e0
0.730711111582224344055373197111e-1 0.729413823231372013342094555606e0
0.178799711210339213605919171931e0 -0.134504005649442750168176645211e0
0.210549086101737569422105177016e-18 0.126418774025977282229496275562e-17
0.101783639861365852720458954830e-18 -0.435081412118674499743225927661e-18
0.100000000000000000000000000000e1 0.000000000000000000000000000000e0
-0.299103807254750994363059631425e-20 0.379875817941129421873499558482e-18
0.418964538402246316839528163582e0 0.839780228903242571720915871789e0

