1                                                

0.661320411744749945670e0 -0.210873087158946732992e0
0.100000000000000000000e1 0.000000000000000000000e0
-0.550499374965174146312e0 0.109263463429890535496e0
0.730711111582224340482e-1 0.729413823231372013029e0
0.226302429417252947569e0 0.351693589715610708296e-1
0.383450873572093450136e0 -0.828292431428154227895e0
0.204996267380777712081e0 -0.143646521999574928533e0
0.100000000000000000000e1 0.000000000000000000000e0
-0.978627889719715502020e-1 0.147149911560638346056e0
0.220575860312332861361e0 0.622743174983688456945e0

