1

0
0.100000000000000000000e1 0.000000000000000000000e0
0.726740419519623137177e0 0.628908780091512789904e0
0.855025199775289386256e0 0.736096234901756731590e-1
-0.405631027772436937291e0 0.576049571277028528969e0
0.207637656306836773391e0 0.634854961041852626372e0
0.100000000000000000000e1 0.000000000000000000000e0
0.365195869761936467912e0 0.165357805351405599145e0
-0.107678695318324211524e0 0.723115159580442112255e0
0.362936073269081985773e0 0.187452172601037682023e0
0.678478159304808893829e0 0.160067642658357344346e0

