1                                                

0.100000000000000000000e1 0.000000000000000000000e0
0.601662126931344793833e0 0.288170627602042950374e0
0.453281847548791721482e0 0.363964631314448018671e0
-0.166231519065497258147e0 0.459917620260554844492e0
0.143399980526635356889e0 0.122609606157612545990e0
0.100000000000000000000e1 0.000000000000000000000e0
0.280101068514814314391e0 0.183766710364970494755e0
0.530741754284041480252e-1 0.383080578499808216452e0
0.206538183841822753364e0 0.387957912422519757278e0
0.438137098956959382482e0 0.182957619607621333905e0

