1

0
0.173254684862987201468754424863e-19 0.500801968482254230645102871411e-20
-0.417538418548269132706667264297e0 -0.553219472349896647873974342724e0
0.125695035322141131565493938807e0 -0.711811257215878506445312533709e-1
0.100000000000000000000000000000e1 0.000000000000000000000000000000e0
-0.272772503651130486129343230584e-1 0.206619146749865821139159929634e0
0.100000000000000000000000000000e1 0.000000000000000000000000000000e0
0.415869145621186285260428337006e0 0.339877227866587399233720325225e-1
0.148884682798174347355043635500e0 -0.400229199361517684422680077833e0
-0.149887367874129263181259359662e0 -0.274724526073867242245513122900e-2
-0.422307201796240483255447433018e0 -0.249804221131768791724941315218e0

