10
0
0
96
0.548450533379013034440531335100e-19 -0.100674641093241672364130976656e-19
-0.191895718321135998113384756278e1 -0.953949562218952213288646952074e0
0.249448120114476319400281589109e0 -0.370472174800320793616439612508e0
0.276646370934398885873197267739e1 -0.138074008457456477505352117940e1
0.209825814932358825550022678795e0 0.609267164115211547915060087533e0
-0.778584092918867500280819023486e0 -0.223287876411428521717696325166e0
-0.316200055071322392436210925094e0 -0.119320838707018432661374519742e0
-0.205285573709209437538725280547e0 0.278367943492338338376231322221e0
0.116086493796023834294091104827e0 0.356069935328707736165138750216e-1
0.273023415588507477487749967841e0 0.288789671199517547327132400288e0
3.84700909678439e-19
1.438113246851119e+28
1.22717889365893e-26
5.96046447753906e-9
7.72614408783926e-18
1.000000000000000e-01
2
1
-1

2 0
2 10
1013666763487201069048271501398072951385166183141126258460722435080952057786146529200624360636925407318503588422249581889194898617416784040547503251361620985938277401228979799231874209470920358361328569486025289627429909447990923219217482768748457229505367685467032262208341738731426626746116286239700631868869/1250000000000000000000000000000000000000000000000000000000000000000000000000000000000000000000000000000000000000000000000000000000000000000000000000000000000000000000000000000000000000000000000000000000000000000000000000000000000000000000000000000000000000000000000000000000000000000000000000000000000000000000 4800048047041679304323696482350144179215424814931549822236856854887681199312868042758236923690425926381349192481727043472648852076120950378325769751601758263614142737926833625160453803409584615035060293792695102723037217592160512607482873252718507296487607861415457366023391543223702429306431542161576252379943/100000000000000000000000000000000000000000000000000000000000000000000000000000000000000000000000000000000000000000000000000000000000000000000000000000000000000000000000000000000000000000000000000000000000000000000000000000000000000000000000000000000000000000000000000000000000000000000000000000000000000000000000
-1799551235434404222861226061010449949308487373974092209395976678122682218436363872796278106468143510319510552098122337930569765210378095217088201903838942350037093953797089273823264202417143912522721864376507184914921381768281555578079586919732924314390924318441642424690957087489480456965695259675968167207121/2500000000000000000000000000000000000000000000000000000000000000000000000000000000000000000000000000000000000000000000000000000000000000000000000000000000000000000000000000000000000000000000000000000000000000000000000000000000000000000000000000000000000000000000000000000000000000000000000000000000000000000000 1894420594248974884460890466530511403930023102315932653729440807690664978673248942262320619107430887377250563794751572078732008046954623991675619404165425741439748267565472966926315555246146170128656850593082410877651142625661705131399430851089804602988411331182216698534577750415669415856977227510200292798467/10000000000000000000000000000000000000000000000000000000000000000000000000000000000000000000000000000000000000000000000000000000000000000000000000000000000000000000000000000000000000000000000000000000000000000000000000000000000000000000000000000000000000000000000000000000000000000000000000000000000000000000000
1102325135014803956785806782719367278681590941722560183109840774607770243560114305237025460928870412711224458693249340574979367844126820404167128731606213728800543419218452511946950240268109277507495560194003917735803062255122786274355541754380225169802642702613636924230908595810676189016128115271063456686403/2500000000000000000000000000000000000000000000000000000000000000000000000000000000000000000000000000000000000000000000000000000000000000000000000000000000000000000000000000000000000000000000000000000000000000000000000000000000000000000000000000000000000000000000000000000000000000000000000000000000000000000000 -215315815984499109109862475001411427168052267305935958289836657148860035351779812514466653060943746633421199601294979156004364427479472967217227104373791255363243991790910352794515369217629098293515732185727420539601910038042210039270490038346671938708942147863970239355585085734444698720301093128656748875293/250000000000000000000000000000000000000000000000000000000000000000000000000000000000000000000000000000000000000000000000000000000000000000000000000000000000000000000000000000000000000000000000000000000000000000000000000000000000000000000000000000000000000000000000000000000000000000000000000000000000000000000
-598230883760276662232750890559289614340739988806313229265704941592279600238555316579006117525582389571889064057576869057797156310841768803497704237124424773372270989532143984903687660348852605229828592070826275891480493166736573300582401997340486362982538243190562283819620648795494089127950447332859502531923/2500000000000000000000000000000000000000000000000000000000000000000000000000000000000000000000000000000000000000000000000000000000000000000000000000000000000000000000000000000000000000000000000000000000000000000000000000000000000000000000000000000000000000000000000000000000000000000000000000000000000000000000 -2716712150516908527356779567359546001378211698202790300935122613593579847907782438158457992325843417097357137258179788842243332887402925603751149401782117976999106445831099188357308058364262071298227008003146422679724829768397307861484007542702079484236877252345253699863984822135649760769506384094133776987/19531250000000000000000000000000000000000000000000000000000000000000000000000000000000000000000000000000000000000000000000000000000000000000000000000000000000000000000000000000000000000000000000000000000000000000000000000000000000000000000000000000000000000000000000000000000000000000000000000000000000000000
4138221221600040131860270650622251201579222260309502987327338463470503700383780139969087872090295373983261226537915548487127851171410116288693628997541478635367887155192325805254826322478231080161151437581210021842157955309164293914779660395266044855635119687487131239550354640113303426402685028803760719362373/10000000000000000000000000000000000000000000000000000000000000000000000000000000000000000000000000000000000000000000000000000000000000000000000000000000000000000000000000000000000000000000000000000000000000000000000000000000000000000000000000000000000000000000000000000000000000000000000000000000000000000000000 -679964475940677568225048899121180965254626557724834573427130940751115930001393019963562785727467586649022951177887949830765944349534930569958121552283635594267888695997995770539360166114164293348638531103502807794922274011000788654196500952040523706220289869170329602983365481544920628915659451005438223905053/1000000000000000000000000000000000000000000000000000000000000000000000000000000000000000000000000000000000000000000000000000000000000000000000000000000000000000000000000000000000000000000000000000000000000000000000000000000000000000000000000000000000000000000000000000000000000000000000000000000000000000000000
0 0
0 0
0 0
0 0
0 0
0 0
0 0
0 0
0 0
0 0
-231904763513787266902826798757631126978130683768076204224100386205130893591054024445742977616424234532161723947707363554141902160543667557091319160352872311545521493462842958065378331030880828942443596620669290106241607308186248949315179917368986175179475003420493078150200678425864832614619601090740671410693/500000000000000000000000000000000000000000000000000000000000000000000000000000000000000000000000000000000000000000000000000000000000000000000000000000000000000000000000000000000000000000000000000000000000000000000000000000000000000000000000000000000000000000000000000000000000000000000000000000000000000000000 9006697105453333607555513499182552789781661486760842669047324384093942457275381723192289440164361468764820791539449048409063553640661666741966186663854091023308457327674462042553271590016640308817356260516422766211261883969705656333474362176694345082181271220841710117693670441705426955808352158048107006195711/10000000000000000000000000000000000000000000000000000000000000000000000000000000000000000000000000000000000000000000000000000000000000000000000000000000000000000000000000000000000000000000000000000000000000000000000000000000000000000000000000000000000000000000000000000000000000000000000000000000000000000000000
-179324446673111994936927281993346888789008354572644655238487314544261427948230665513722107258441783036351792001287677010994195227198040590505513969762127057487473363942713275199659364616738919684920292552297663476801725956876760945906138581691526811270243561533665280145860823189562604850461387093091614313497/200000000000000000000000000000000000000000000000000000000000000000000000000000000000000000000000000000000000000000000000000000000000000000000000000000000000000000000000000000000000000000000000000000000000000000000000000000000000000000000000000000000000000000000000000000000000000000000000000000000000000000000 -5658170487658597670671916944681205101715616226726207024803506883367285614597950418548677150491787443917598865179961897873195547288314610093515932777307130361827200562196898046841424817330485955791009878600577100014107846350682431501787249625339524527024718946274517225407898347523824603106300904604419445734709/10000000000000000000000000000000000000000000000000000000000000000000000000000000000000000000000000000000000000000000000000000000000000000000000000000000000000000000000000000000000000000000000000000000000000000000000000000000000000000000000000000000000000000000000000000000000000000000000000000000000000000000000
-4221547842381885881223577468022867540965017216188410924017940877073565800075174784620542422904681064623209639906169442232049265599437580777599359888607695079601430128611082105546032044967023856994334625512070857503515830291479835040354483646376682602070527461781032804244924238639237903381363610255214016567319/10000000000000000000000000000000000000000000000000000000000000000000000000000000000000000000000000000000000000000000000000000000000000000000000000000000000000000000000000000000000000000000000000000000000000000000000000000000000000000000000000000000000000000000000000000000000000000000000000000000000000000000000 -3870019453746365527878964860291082389842126567731978589915761678175227275757675956353681670050409519586370033388770489101617157181145040876537891937535990261958026694338947916665551965967821410696737302102432447831762313846152030117934101453559360536986165091385941549675058693307863708740971860474113430137821/5000000000000000000000000000000000000000000000000000000000000000000000000000000000000000000000000000000000000000000000000000000000000000000000000000000000000000000000000000000000000000000000000000000000000000000000000000000000000000000000000000000000000000000000000000000000000000000000000000000000000000000000
-5201070385640663758267452960135811080930590940921525464914416815530837282742521593024508337655551230618783316414280705079730653255519384100616794300341010381832200323112234561742289459265193539987471591095163559088507379288166723225244806067178809769389071955663346514370472205316984074528243981307861151120677/10000000000000000000000000000000000000000000000000000000000000000000000000000000000000000000000000000000000000000000000000000000000000000000000000000000000000000000000000000000000000000000000000000000000000000000000000000000000000000000000000000000000000000000000000000000000000000000000000000000000000000000000 -1862105537904326589794572915946108582479038262460488012894239756956388651322165937627503275270412079619490095171687647955999444876429757318348348883641933278746335475949473575623510890917146430480737378859647007873330559407658438008564178306760248640269455010317080023495121011815737851284751846059499218357251/2500000000000000000000000000000000000000000000000000000000000000000000000000000000000000000000000000000000000000000000000000000000000000000000000000000000000000000000000000000000000000000000000000000000000000000000000000000000000000000000000000000000000000000000000000000000000000000000000000000000000000000000
606038406043927028426675357065661797313328729284322596355073508032410718124479545984918591503205105904276504528373527224453695782024285697102757272910392013790842682854751860936913205848929810509017533271640528813755422421969430075846758804261019006346484835607886193208439617899427669837986494678338723214081/1000000000000000000000000000000000000000000000000000000000000000000000000000000000000000000000000000000000000000000000000000000000000000000000000000000000000000000000000000000000000000000000000000000000000000000000000000000000000000000000000000000000000000000000000000000000000000000000000000000000000000000000 7339203102598116672809223437248118922473821011919770443737057982287824867521125659521346798824500788955014611564699894690758785988629792659502083290874962657406942882854977952760096427608934166751958715962050528121723935240730895959605074289386352916438525293330095284659442189160396625058525154131997014539371/10000000000000000000000000000000000000000000000000000000000000000000000000000000000000000000000000000000000000000000000000000000000000000000000000000000000000000000000000000000000000000000000000000000000000000000000000000000000000000000000000000000000000000000000000000000000000000000000000000000000000000000000

-1
216471665910579037584377370922310404183623611603046025615289452863825516036671685292921735439490831612698121411978270123280567155461823190911055878689832805156713673889520935431150567147235089240921042956915458788983807239208652558962372523000566499924786699122254999411752169104636965905496647858846938508321/1250000000000000000000000000000000000000000000000000000000000000000000000000000000000000000000000000000000000000000000000000000000000000000000000000000000000000000000000000000000000000000000000000000000000000000000000000000000000000000000000000000000000000000000000000000000000000000000000000000000000000000000 7337322739945480737177998899628848591883631478769160779744870846405618171482687355464702449177584821042856058620085501055112293357387704007708189534361149236377303552609211708244099417905484766604197393217291929599295360315739377866423484838321605683400133726467657493929973622746932836565696915017684470237519/10000000000000000000000000000000000000000000000000000000000000000000000000000000000000000000000000000000000000000000000000000000000000000000000000000000000000000000000000000000000000000000000000000000000000000000000000000000000000000000000000000000000000000000000000000000000000000000000000000000000000000000000
0 0

0 0

0 0

