1                                                

0.656009256184794420992e0 0.522689910854879325678e-1
-0.963717662853802750590e-1 0.118810234826367771349e0
-0.121108886822081721706e0 -0.402223138915837034055e0
0.100000000000000000000e1 0.000000000000000000000e0
0.203756328495509228169e0 0.397913176649561112469e0
0.100000000000000000000e1 0.000000000000000000000e0
0.415869145621186285142e0 0.339877227866587399352e-1
0.148884682798174347351e0 -0.400229199361517684337e0
-0.149887367874129263169e0 -0.274724526073867239941e-2
-0.422307201796240483220e0 -0.249804221131768791750e0

