1                                                

-0.307623044105416578679e0 0.790088695091571189307e0
0.100000000000000000000e1 0.000000000000000000000e0
-0.338318115868147003790e0 -0.309286534052737840434e0
-0.699531024082096946238e0 0.381494964681241420496e0
-0.284436914696941127911e0 0.228254953898430791310e-1
-0.403096786101688909658e0 0.771537657071890001855e0
0.319681189711198597802e0 0.131136931445647531597e0
-0.910968034588644884754e0 0.258007728612209339249e0
0.230703671522511091356e0 -0.314437189371709076600e0
0.100000000000000000000e1 0.000000000000000000000e0

