1                                                

-0.756434226075520435312e0 -0.174867138793461556910e0
-0.280030863277995608121e0 -0.301807926292061130726e0
0.383599953293572231816e0 -0.640644857510070803760e0
0.100000000000000000000e1 0.000000000000000000000e0
-0.238225960015638004162e0 0.154575176927562797001e0
0.263658657790023483257e-1 0.936361614943214454600e0
0.184110937656127763158e0 0.271385334580139796538e0
-0.437450432549440350940e0 -0.667841137736052442263e-1
0.563074136726077613228e0 -0.556883827027743640210e0
0.100000000000000000000e1 0.000000000000000000000e0

