1

0
0.227933882365493260623243786825e-19 0.109950469840158807386921490069e-20
0.100000000000000000000000000000e1 0.000000000000000000000000000000e0
0.874834574279605272712158520348e-1 0.517444789907110169606748595215e0
-0.723292221742582558673485087482e0 0.677952822173008400507438891295e0
-0.161094247751386689089267923126e0 -0.352949076481545359313375300041e0
0.138797029958059317708899152603e-18 0.770959288471430715167949507095e-19
0.100000000000000000000000000000e1 0.000000000000000000000000000000e0
-0.148624645157829062017793216968e-19 -0.221766887586683840641335193255e-19
-0.292710801128752162646250858911e0 0.924947074987189976719028950323e0
-0.122014543454407363453991326439e-19 -0.310233216468071346288962549025e-19

