1                                                

0.302613061036551884731e0 -0.134006651066885956435e0
-0.577875559123146771386e0 -0.701038614081008360748e0
0.733614898179949368237e-1 -0.346563498973671353068e0
0.100000000000000000000e1 0.000000000000000000000e0
0.266334029154774837143e-1 0.377366220440772324226e0
-0.438430157445775365275e0 -0.419067668309192600774e0
0.180521223143167319606e0 0.831405914392670117893e0
0.100000000000000000000e1 0.000000000000000000000e0
-0.447429523967563513083e0 0.646150022766583816971e0
0.650445276458357313817e0 -0.569402779275869671671e0

