10
0
0
64
-0.933129773208987009264e0 0.944736836301960507451e0
0.104048200249719614786e1 -0.255151509802729267722e-1
0.862674065671652261049e0 0.153206950826012298515e1
0.946402798894490568721e-1 0.757077535011415453251e0
-0.612346461821262899432e0 -0.726018982445835928889e0
-0.668717633717877308155e0 -0.825202220196385586519e0
0.124131727660881770615e0 -0.582837351335367909969e0
0.400218396705961202629e0 0.434920391910678628223e-1
0.887370123117367907560e0 -0.488682986805288091232e0
0.538233382317902595091e0 -0.347044717983974572461e0
3.52430856415387e-19
5.744247381554227e+01
5.31662678849535e-19
9.76562500000000e-5
4.79602930899488e-17
1.000000000000000e-01
1
1
-1

2 0
2 10
920256327520933534768403591217248830483425520418446227868503852076420506105008923996211294267705050103999706540601795857140554889311466463170890852156673423412972392653992531815534290104851548262445358880370688190930625997625737714571123942906685127418371285854313276543337327993027934962670144561305272245121/1000000000000000000000000000000000000000000000000000000000000000000000000000000000000000000000000000000000000000000000000000000000000000000000000000000000000000000000000000000000000000000000000000000000000000000000000000000000000000000000000000000000000000000000000000000000000000000000000000000000000000000000 1129407259558898455587782248739169927122134278973687666873214371364386227983409081359060854898793298560550406865431401863572289052047397469759131899176547137018102059226855978826616855815071780132426217523358940488061785475132319432884982820563302644790024074913212046027595716088337657050126104880284013538301/2000000000000000000000000000000000000000000000000000000000000000000000000000000000000000000000000000000000000000000000000000000000000000000000000000000000000000000000000000000000000000000000000000000000000000000000000000000000000000000000000000000000000000000000000000000000000000000000000000000000000000000000
2990030684634056983149644917018060004101029039203568206096598026213763235999075699877600542624570836400252840758892735490741805449393498735002114870944596208188352847816984967383558039966697918379719772483816219451941523184701426400651926516287434714895637420338234702629600735820805494058075611239060338326871/10000000000000000000000000000000000000000000000000000000000000000000000000000000000000000000000000000000000000000000000000000000000000000000000000000000000000000000000000000000000000000000000000000000000000000000000000000000000000000000000000000000000000000000000000000000000000000000000000000000000000000000000 -1603553591835787053324473864724999671286676332344557273667241847289096789954620359281641805045405159681657572943114556357799130554494932383639216319073293362164212149726868494891061874793669144675279996937525238426112279549087050665018414544066416410655344411897048922933374853485108290724112448183971202003913/2000000000000000000000000000000000000000000000000000000000000000000000000000000000000000000000000000000000000000000000000000000000000000000000000000000000000000000000000000000000000000000000000000000000000000000000000000000000000000000000000000000000000000000000000000000000000000000000000000000000000000000000
435987201057846389078345072906810694287622455733457883267706476156451845280931659469340356847471121226601829709976829949447551112093447407978780696501754286417269593966695919849147656709122469886811641509924643713167543133409266450213244174817868200201127700952003855371691090824445048876767364776391723896087/1000000000000000000000000000000000000000000000000000000000000000000000000000000000000000000000000000000000000000000000000000000000000000000000000000000000000000000000000000000000000000000000000000000000000000000000000000000000000000000000000000000000000000000000000000000000000000000000000000000000000000000000 -4612546244095438839568342580108975438166598018833243327054146320569256092133218487894149357144052306337361228527211770892341968700320595883380832521625207361967790990984999043515659852300865376297313973447017860592404757375454183848833231312938738717156131235327550915411751549521022842200732575283541029252523/5000000000000000000000000000000000000000000000000000000000000000000000000000000000000000000000000000000000000000000000000000000000000000000000000000000000000000000000000000000000000000000000000000000000000000000000000000000000000000000000000000000000000000000000000000000000000000000000000000000000000000000000
1599590345086410101713508271337868198192471173419831167456380554590058235007955518885797723026480798454171070067774517336784337781803573495648851500218772516291231170582689037009760361720576721788972260745902113970565626806044870506203754590771191666109213529572364889495830485952572773684802241807469449568217/2500000000000000000000000000000000000000000000000000000000000000000000000000000000000000000000000000000000000000000000000000000000000000000000000000000000000000000000000000000000000000000000000000000000000000000000000000000000000000000000000000000000000000000000000000000000000000000000000000000000000000000000 1483120570349281297240237296318518654126675303720138179847755717603507083975314370599986494194799959861711163338355559497308516046876781697256376460219855849230336654571344380658313911525965758012862620315180293056170919694510834353157893358203343699425876812753729824068944967182457353928591679935321031968463/2500000000000000000000000000000000000000000000000000000000000000000000000000000000000000000000000000000000000000000000000000000000000000000000000000000000000000000000000000000000000000000000000000000000000000000000000000000000000000000000000000000000000000000000000000000000000000000000000000000000000000000000
-2727157276374856488727733607288359509614619957786532393861955694591842019054237047273886446912406607669263683713037734345104853497677526062052415435968257282302489180733242089017836977558504476467436062410331551278940654710317791299082675270536489027701581390081588559744922523722031304234247852017499274521683/5000000000000000000000000000000000000000000000000000000000000000000000000000000000000000000000000000000000000000000000000000000000000000000000000000000000000000000000000000000000000000000000000000000000000000000000000000000000000000000000000000000000000000000000000000000000000000000000000000000000000000000000 5050687695181720188418769233436454191293437056324164048831035684965906823668682126769398393030092257292569445726458751412040936757619726666144969334342601367087292271178329314121668726083260218147622831189753830991475765418976503140841242469422394315644740936403240114187851824550206971754636015077438180654731/10000000000000000000000000000000000000000000000000000000000000000000000000000000000000000000000000000000000000000000000000000000000000000000000000000000000000000000000000000000000000000000000000000000000000000000000000000000000000000000000000000000000000000000000000000000000000000000000000000000000000000000000
0 0
0 0
0 0
0 0
0 0
0 0
0 0
0 0
0 0
0 0
-4526603495286207440550944663669781095924114147071393702177415852382603629856919153741402049468984232532898430280993533139276141393578324362898234192757899813661036694663064709604198024537201753853868545742055582228708445616388087253015618685628313123579590134292222721875848158999450628190539349645506673824139/5000000000000000000000000000000000000000000000000000000000000000000000000000000000000000000000000000000000000000000000000000000000000000000000000000000000000000000000000000000000000000000000000000000000000000000000000000000000000000000000000000000000000000000000000000000000000000000000000000000000000000000000 1254259570305706545843245146571144110994805189885238390806010454009228934541760936225916863968216649459300815860281456888812201130398528745557234004239360973255279463070218409022687131796939412769576193147572564854049868408979419099320998602431371311300029466244229930787141400152272132390078014304428712012149/2500000000000000000000000000000000000000000000000000000000000000000000000000000000000000000000000000000000000000000000000000000000000000000000000000000000000000000000000000000000000000000000000000000000000000000000000000000000000000000000000000000000000000000000000000000000000000000000000000000000000000000000
1382852781708720668972567901726841311910547495109822241911797459482974765642800213343996306838961389002325146711044651623962669014081137694319026352500327967997498990081859951209705238103249171020778084573932620772725655624962863811339146201523021187831948393833800329387468080837903298717848325064555308239889/10000000000000000000000000000000000000000000000000000000000000000000000000000000000000000000000000000000000000000000000000000000000000000000000000000000000000000000000000000000000000000000000000000000000000000000000000000000000000000000000000000000000000000000000000000000000000000000000000000000000000000000000 -6766725503005246925321955406815264622644377725801094221276432381021676723894458112520391024442553569295878589766634061012249663595778834970373293549710391067599798139656875062038938757003223186202983192733970557390657790780438051322808582410673281785043824093683673585525687720162598073344826582735639081363427/10000000000000000000000000000000000000000000000000000000000000000000000000000000000000000000000000000000000000000000000000000000000000000000000000000000000000000000000000000000000000000000000000000000000000000000000000000000000000000000000000000000000000000000000000000000000000000000000000000000000000000000000
1769200756105048606668399147905679589936396290188701918797519251016742818764916644993001387649784691522254308436905773259625154397661820839384538190125593067835728489681924547120670017720190023513114680992968706965126305091162486984312722211597187532134207303357179284942599776514322162265305563969395651381307/20000000000000000000000000000000000000000000000000000000000000000000000000000000000000000000000000000000000000000000000000000000000000000000000000000000000000000000000000000000000000000000000000000000000000000000000000000000000000000000000000000000000000000000000000000000000000000000000000000000000000000000000 941601458787680473772827432487155193560875521359131928721993315285809959330224995029788224266088382573804930146076022439320078133636572659412368875292037961328350546401058628764316062352492141007487842148311246900867233702160730225210105857309795639002048819778648980944207413461571974296950856513546873138937/1000000000000000000000000000000000000000000000000000000000000000000000000000000000000000000000000000000000000000000000000000000000000000000000000000000000000000000000000000000000000000000000000000000000000000000000000000000000000000000000000000000000000000000000000000000000000000000000000000000000000000000000
4872884640607471131150239639628125193090334503460927405316102819543718025538585714485801663712387329385398332211460035991013339732667699312461713161593153154797459031382142233204526401152997293903868019558394870736900357076187025659981650401962714947030494166996834382196441602550817118912022188130611279488477/10000000000000000000000000000000000000000000000000000000000000000000000000000000000000000000000000000000000000000000000000000000000000000000000000000000000000000000000000000000000000000000000000000000000000000000000000000000000000000000000000000000000000000000000000000000000000000000000000000000000000000000000 -70068222089444723936547403261149715681299979461023558802070432536557243903907591460081653781966259006784803447877824339641214256431385551918951087823806030364705633278338320005240628458566850850635600605133278764551798268752103519160343607378769759166650436706799202704646602311235238037500437656175606106893/80000000000000000000000000000000000000000000000000000000000000000000000000000000000000000000000000000000000000000000000000000000000000000000000000000000000000000000000000000000000000000000000000000000000000000000000000000000000000000000000000000000000000000000000000000000000000000000000000000000000000000000
1430613318246782152647050524878723454399763191373571460896815450534303165604510342238039888409147934304039899226322458273717790903364083437901224549246590313303771145170613086651155415598228937422670577167378050567650545420993282930340819413779461520623039380334241746088366424676167296880224327651214175632419/10000000000000000000000000000000000000000000000000000000000000000000000000000000000000000000000000000000000000000000000000000000000000000000000000000000000000000000000000000000000000000000000000000000000000000000000000000000000000000000000000000000000000000000000000000000000000000000000000000000000000000000000 2031229537479344253340555748636217136534930814682633455719595416041421035974367776355830899976194191478168141137809086397040271783379885878039284026547520665887000467793096093599493407255198111618196016853112478446070075704727751673429306380868560362849163560277918818151123339396153171005135643372775807882699/2500000000000000000000000000000000000000000000000000000000000000000000000000000000000000000000000000000000000000000000000000000000000000000000000000000000000000000000000000000000000000000000000000000000000000000000000000000000000000000000000000000000000000000000000000000000000000000000000000000000000000000000

-1
2426263080290211659337500814585902923687716442138515987023763814817004448699707195480022735488512980407324737585492954633656100812122565965691216271462372222045228069783918501579316448861123378273607065925117086222050890189973086606823195623256531118316012076061947830783068159888640174167991335872722522824489/10000000000000000000000000000000000000000000000000000000000000000000000000000000000000000000000000000000000000000000000000000000000000000000000000000000000000000000000000000000000000000000000000000000000000000000000000000000000000000000000000000000000000000000000000000000000000000000000000000000000000000000000 -7170335172688451696521871879431047116976675261326336018501270398227154001762519182118742404361557848506476252883871400129340130300186864480334903461589122176091720264997588872333643880005412083834541590572708519402742535441972564572801096278091313825564938547863237137265706649423792914528494433360190599244491/10000000000000000000000000000000000000000000000000000000000000000000000000000000000000000000000000000000000000000000000000000000000000000000000000000000000000000000000000000000000000000000000000000000000000000000000000000000000000000000000000000000000000000000000000000000000000000000000000000000000000000000000
0 0

0 0

0 0

