1                                                

0.220867511338261231452e0 0.743767118919459409678e0
0.532263637771987272243e0 -0.237258763341125135087e0
0.100000000000000000000e1 0.000000000000000000000e0
0.211952917104914098539e0 0.370903693524941603166e0
-0.540230387679674658617e0 0.488811367817386437052e-1
0.100000000000000000000e1 0.000000000000000000000e0
0.109928267688382793300e0 0.303068456991506932508e0
-0.428776884786287657491e0 0.351584788257548870306e0
0.101220029508088187129e0 0.571428360590762827044e0
0.432865289511090900297e0 0.827667149754020619321e0

