1                                                

0.100000000000000000000e1 0.000000000000000000000e0
-0.120750429672524187933e-21 -0.328664517852293215222e-21
-0.132333385789088338254e0 0.991177734343884599025e0
0.396976080421089291482e-21 0.753882885749314798384e-22
0.319317391591188593587e0 -0.120835668211195212333e0
0.100000000000000000000e1 0.000000000000000000000e0
-0.261576875510769015840e-21 0.163782903296356137095e-21
0.722921640649012720912e-22 -0.191850863476306542710e-21
-0.139175571035899504245e0 -0.724522151112609771276e0
0.269739544361866672323e0 -0.770454930972715388833e0

