1                                                

-0.671095773094036915612e0 0.277027018994969971197e0
0.147505024010370835069e0 -0.436038194044494313334e0
0.404658978361524484651e0 -0.602321601442642705728e0
0.100000000000000000000e1 0.000000000000000000000e0
-0.364082092994760019055e0 0.176316093088134638126e0
0.100000000000000000000e1 0.000000000000000000000e0
-0.540799379280845460769e-1 -0.266993518655996188703e0
0.666718355856109174101e0 0.297215037183139926710e0
-0.303093308173653576030e0 -0.134614207342319412556e0
-0.399677076930744683953e0 -0.729257058427953587282e0

