
-0.263931993083774892207e-1 -0.547382094017913238744e0
-0.651425630582684923073e0 -0.532897694407661898599e0
0.590653675687825172600e0 -0.196404107498173529134e0
0.100000000000000000000e1 0.000000000000000000000e0
-0.754480690480853721758e-1 0.136043531719023133635e0
0.317663596380249486933e0 0.454832122482086812789e0
-0.454885829492239253939e0 0.161470192722334631458e0
0.182434192668002531857e-2 -0.371245798137357375398e0
0.100000000000000000000e1 0.000000000000000000000e0
0.668840548100316581611e0 0.265820291285599573231e0
