
-0.229066936990735176472e-1 0.483010193122785979308e-1
-0.382981880557782982679e0 -0.559634749001029983904e0
0.105142901759686169010e0 -0.743235871001610756405e-1
0.100000000000000000000e1 0.000000000000000000000e0
-0.372900704784896404205e-1 0.208569183195651389738e0
-0.326221887856646442687e0 0.174288093943957418956e0
0.204889613762547995234e0 0.684891300179831177824e-1
0.100000000000000000000e1 0.000000000000000000000e0
-0.242239191537995360952e-1 -0.154217338140997748124e0
-0.610024519507039706648e0 0.291758218391601480135e0
