
0.170122701385646697280e0 -0.340668430347052732349e-1
-0.393646239529282487033e0 -0.626093703893858320926e0
0.878507842010364432296e-1 -0.262606479903857595402e0
0.100000000000000000000e1 0.000000000000000000000e0
-0.116362710201849335441e-1 0.305083593236789546714e0
0.223174174486493154636e-1 -0.531218824049303649053e0
0.476913337607072076367e0 0.120933838209108257921e0
-0.347514177724813220355e0 -0.207110664224301067394e0
0.100000000000000000000e1 0.000000000000000000000e0
-0.243061761202854728007e0 0.730039758290677164953e0
