
0.379964420197747011190e0 0.171718305127601940526e0
-0.648157756633843195096e0 -0.324569568208547197877e0
0.197664562391072292014e0 -0.609245866168028826868e0
0.100000000000000000000e1 0.000000000000000000000e0
-0.312065869325098677300e-1 0.508671979659841892946e0
0.100000000000000000000e1 0.000000000000000000000e0
0.756973314127565579128e0 -0.287549346950731517025e0
-0.650845798660958455299e0 0.219983402585243483727e0
-0.716994296514397240385e0 0.694272844830513737025e0
-0.510429445128897675977e0 -0.606094928701300313090e0
