
0.646451557691916058198e0 -0.461776808920689321801e-1
-0.332858795573669562435e0 -0.198202514527748300621e0
0.739490680149377293737e-1 -0.630199885455469100814e0
0.100000000000000000000e1 0.000000000000000000000e0
0.977702253015613269543e-1 0.490811904229150220357e0
-0.461332345411214603931e0 0.154240135332571402937e0
-0.406797784032269659599e0 -0.753247627198239560781e0
0.100000000000000000000e1 0.000000000000000000000e0
0.423650782109997895233e-1 0.888505311393924172565e0
-0.448845221838661297966e0 0.862534933211568814303e0
