
-0.233921696070811120603e0 0.611611737155400101947e0
0.100000000000000000000e1 0.000000000000000000000e0
-0.250823789423226160345e0 -0.229322715532941437007e0
-0.630431486033912822926e0 0.411760623740600283766e0
-0.254555012175763261794e0 -0.195645333902320497783e-1
0.100000000000000000000e1 0.000000000000000000000e0
-0.172810339370727954558e0 -0.542134888245274864065e0
0.512884054341023189704e-1 0.845025494106122140598e0
-0.507092257178652018232e0 0.521204773185988677641e-1
0.125537597825238028286e0 -0.698534099287660676433e0
