
0.245296753079149093936e0 -0.356799509434450435604e0
-0.739640972825821527091e-1 -0.703965185385210808259e0
0.124042262914801447161e-1 -0.568849327860452621956e0
0.100000000000000000000e1 0.000000000000000000000e0
0.283330045091544708027e-1 0.334305811707590217136e0
0.333339734198984774706e0 -0.765365412158810208532e0
0.235754930420518861212e0 0.207141892761701825395e-1
-0.741575933741627306948e0 0.609700140640650521640e0
0.178302739928353937406e0 -0.193919793747950781849e0
0.100000000000000000000e1 0.000000000000000000000e0
