
0.561188243616557815453e0 -0.321682782606667646414e-1
0.100000000000000000000e1 0.000000000000000000000e0
-0.379884504804938713193e0 -0.576748455955370253651e0
-0.750274778916710395789e0 0.330394716438440553521e0
0.148903894159676226404e-1 0.145607740774763700015e0
0.205622590352957292163e0 0.793491319896377535095e0
0.337598511293778434249e0 0.830994418488822071678e0
0.273619199569880093503e-1 0.184631585944238106988e0
0.100000000000000000000e1 0.000000000000000000000e0
0.521365721269981276831e-1 -0.187618246805538213979e0
