
-0.582808997662365132949e-1 0.401789743942264091978e0
0.100000000000000000000e1 0.000000000000000000000e0
0.145565868586549910062e0 -0.339347551522664649234e0
-0.276336150248790003638e0 0.624963150686744572395e0
-0.321336553468212583778e0 0.283168813170726617773e-1
0.949750951837186558138e-2 0.660882378367617488355e0
0.100000000000000000000e1 0.000000000000000000000e0
-0.119848312965660483674e0 0.100556979210864158080e0
0.342241877794315440685e0 -0.794796740248911439027e0
0.122454352743080103710e0 -0.324709864185693589778e-1
