
0.100000000000000000000e1 0.000000000000000000000e0
0.835890934873258802237e-1 -0.852804220731334197008e0
-0.940344121404173889390e-1 0.792515073337482661080e0
0.235510553680602503692e0 0.904201209133944289415e0
0.805207645156849086292e-1 0.783036610579133192980e-1
-0.915931633691266661461e-1 0.884249688480387486351e0
0.304531923745497608600e0 0.256344167693940107528e0
-0.607269019071226173409e0 -0.374719133673958102035e-1
0.398098033428742245176e0 -0.574739448275970175851e0
0.100000000000000000000e1 0.000000000000000000000e0
