
0.367887318026759965311e0 -0.203850567747378497781e0
0.279262988988397971112e0 -0.854417385572423957016e0
-0.357266715838909785553e0 -0.820895228693767196057e0
0.100000000000000000000e1 0.000000000000000000000e0
0.730372529136511502434e-1 0.465596636236782621235e0
-0.192102811499150012611e-1 0.603495369548434454137e0
0.228869796803516485357e0 0.947259939439901109761e0
0.327807918914567329504e-1 0.873770155565084672957e-1
0.100000000000000000000e1 0.000000000000000000000e0
-0.801528126661337439038e-2 -0.892549672314301752044e-1
