
0.331931361544919554190e0 -0.144415617522006918733e0
-0.358703528129395123037e0 -0.761315265489458284094e0
-0.627403427463550977916e-1 -0.460765727173726818972e0
0.100000000000000000000e1 0.000000000000000000000e0
0.455339107507307826718e-1 0.405357074789406873777e0
0.350808915197090810331e-1 -0.855189033768647223867e0
0.547317308314111677676e0 0.265097155727884498458e0
-0.396439951733419416893e0 -0.505373847692015933553e0
0.100000000000000000000e1 0.000000000000000000000e0
-0.462392293622520873840e0 0.873534946413358701837e0
