1

0
0.100000000000000000000e1 0.000000000000000000000e0
-0.244002735657677170608e-23 -0.218615654776277883307e-23
0.110605628548772805825e0 -0.709918300984421346903e0
0.501297962364945742508e-23 0.499975137187548218379e-23
0.556236705402286913950e-1 0.431479640166502025989e0
0.100000000000000000000e1 0.000000000000000000000e0
0.110435991024122291122e-23 -0.709478834688334167428e-24
-0.160484341887803227262e-23 0.209381869614707191551e-23
0.335186689368740007612e0 -0.200007971039487421469e0
0.779314455079804375000e-1 -0.445931885883090287277e0

