1                                                

0.859571946650812159407e0 0.446467797662207887329e0
-0.514215696955779416328e0 -0.365984656290362021233e0
0.599515297757909287532e0 -0.675088484476849495395e0
0.100000000000000000000e1 0.000000000000000000000e0
-0.163620009074609651760e0 0.613765212282634529278e0
0.100000000000000000000e1 0.000000000000000000000e0
-0.140115193813858608687e0 0.143375299236606666952e0
-0.273325844820456261453e0 0.151303555303534482277e-1
0.465429971778251183980e0 -0.144312839465877024289e0
0.283781119449143277335e0 -0.554237023545202592690e0

