1                                                

-0.340507624423617804281e0 -0.874510824185793152110e0
0.400176284953715012353e-1 0.156031063070502937586e0
0.100000000000000000000e1 0.000000000000000000000e0
0.375528415357825863979e0 0.134822967293482222608e0
-0.182399544794222712732e0 -0.289887530528131732988e0
0.100000000000000000000e1 0.000000000000000000000e0
0.586247247964706025026e-1 -0.184069744607618893334e0
0.253162824611214411664e0 0.229183706696954999520e0
-0.247520113579264966686e0 -0.387659062553952160298e0
-0.824440578721418319591e-1 -0.756360620614853370138e0

