1

-0.190028430330786978031e0 0.681258006661320784480e0
0.100000000000000000000e1 0.000000000000000000000e0
-0.255864401706273692459e0 -0.105660783181523670589e0
-0.724137360293171860812e0 0.493507127672504450648e0
-0.262109554391270679750e0 -0.431041822393504386323e-1
0.426949783961206518677e0 -0.325562800640011429685e0
-0.199092555802276605561e0 -0.143374596433357708264e0
0.100000000000000000000e1 0.000000000000000000000e0
-0.148384219976785764923e0 0.155319350731715374555e0
-0.807390598712800992951e0 -0.139205745786570890706e0
