1                                                

-0.453959852175265801406e0 -0.183443045901790458197e0
-0.411619356774439150925e0 -0.893443948953999155709e0
0.408281972331615521744e0 -0.638260564285672590205e0
0.100000000000000000000e1 0.000000000000000000000e0
-0.275017252794017362787e0 0.266141822565840140076e0
0.100000000000000000000e1 0.000000000000000000000e0
-0.191556709702722084519e-1 -0.225711427888460182119e0
0.161751230440228887137e0 -0.711844696657956228975e-1
0.288031096954644327205e0 -0.326462774790926370196e0
0.131139440834425720031e0 -0.289520284973695463538e0

