5
0
0
52
4.870786202421605e-01 9.677003091622282e-01
-7.759722633681695e-03 4.100825280522037e-01
-9.881418600032887e-16 6.315477654728063e-18
1.687435314140042e-01 -3.691734665896241e-01
-1.375631053172116e-01 -3.073499495418061e-01
1.350645441178444e-16
1.877417243494244e+01
1.163132645214567e-16
3.906250000000000e-04
5.094947179762614e-12
0.000000000000000e+00
1
1
-1

2 0
2 5
4149978613785673340046284135031810972378454849497203791038460775439894257510574597888143828070308958543898870592052782876017710689922352998394685360075494344234225135151313605690450462560198658048210511805639829727926967136095808795060069937734631521496530758087080913927230702510093723722602488049032971409181/10000000000000000000000000000000000000000000000000000000000000000000000000000000000000000000000000000000000000000000000000000000000000000000000000000000000000000000000000000000000000000000000000000000000000000000000000000000000000000000000000000000000000000000000000000000000000000000000000000000000000000000000 -4122471630535167960625584431074169145854522109776649567688634314311884789531219508243782975721589300949468246987930950064772701570592192230128919849836483252103978190764876295550553506867503488295508055191233908528491154151482944853938275375280332149982264417190503533172235457950290306938641906341126147302491/5000000000000000000000000000000000000000000000000000000000000000000000000000000000000000000000000000000000000000000000000000000000000000000000000000000000000000000000000000000000000000000000000000000000000000000000000000000000000000000000000000000000000000000000000000000000000000000000000000000000000000000000
0 0
-3392094253036888819684341120485004306273469402685487183231208295368251947721908096047289418048261558291242990555865536824557611268795452235013625071041297359624093488515500233667653611679316628324605693143744268465443420839710608875068940401579316462717563966062207988602601831117192253840885161112612276439337/5000000000000000000000000000000000000000000000000000000000000000000000000000000000000000000000000000000000000000000000000000000000000000000000000000000000000000000000000000000000000000000000000000000000000000000000000000000000000000000000000000000000000000000000000000000000000000000000000000000000000000000000 -3874411118472068724046642532398806204637388934206432809346809076598804045882184944335908068151931693085656960281705607126267806685226278860746750836358450125161452359491131781997870990004395259913665550094566078810527058128903853252275032227537942111294466331722602193387206295836080530323431088019947300056869/5000000000000000000000000000000000000000000000000000000000000000000000000000000000000000000000000000000000000000000000000000000000000000000000000000000000000000000000000000000000000000000000000000000000000000000000000000000000000000000000000000000000000000000000000000000000000000000000000000000000000000000000
0 0
0 0
0 0
-1772042407621701046846991022696714628275412101267313501172229251260254771919208403222183155640750724222964081306825249800288952857465145247561386991602206449247925662825460160891810738693886496254351111019655664568618943910032584161553273543738221322345117663290867961717380948035264603186135382428667575288061/25000000000000000000000000000000000000000000000000000000000000000000000000000000000000000000000000000000000000000000000000000000000000000000000000000000000000000000000000000000000000000000000000000000000000000000000000000000000000000000000000000000000000000000000000000000000000000000000000000000000000000000000 -76651369453112377554480672508717273431785962084097401614620025668153508453453805295364847805191565618206190670179030891363282534021119268533476418443289716620982328333696395676343547002178101920408777580440615095506973321391936018672800263746355172100462144900783287680981329971534683781320142253737947274919/78125000000000000000000000000000000000000000000000000000000000000000000000000000000000000000000000000000000000000000000000000000000000000000000000000000000000000000000000000000000000000000000000000000000000000000000000000000000000000000000000000000000000000000000000000000000000000000000000000000000000000000
0 0
623345620806230042139311894278052956816867184663027980854701848755748648447159355877452402060075610179740240741856641573230833019110117780134873147285888059721264049988697721626949505904093556169238033377261303290458447413262402993508387185635308364594705312200412127136766253543785928485387944763581986040029/2000000000000000000000000000000000000000000000000000000000000000000000000000000000000000000000000000000000000000000000000000000000000000000000000000000000000000000000000000000000000000000000000000000000000000000000000000000000000000000000000000000000000000000000000000000000000000000000000000000000000000000000 3458298864255070000571702709277929497351082974044134003162677618590066044544588074867010007492661355566575152358154075160096823794891090412892988926800768613146111457620977481523336847479877168561892443764561286059434078870238839746466489214663542728684548633819450373527741959909232404669193731087165298014441/5000000000000000000000000000000000000000000000000000000000000000000000000000000000000000000000000000000000000000000000000000000000000000000000000000000000000000000000000000000000000000000000000000000000000000000000000000000000000000000000000000000000000000000000000000000000000000000000000000000000000000000000
-2022486388876220699172096630300548393869276124227393933065539674463968597750011313947482314053428378905607548005715158481701432000044587470007909695676752508454898464917641878033659702890974884675042688002110411132212491024514095776608854238111583469246132441136146025681463518948671793788701630449451024290579/5000000000000000000000000000000000000000000000000000000000000000000000000000000000000000000000000000000000000000000000000000000000000000000000000000000000000000000000000000000000000000000000000000000000000000000000000000000000000000000000000000000000000000000000000000000000000000000000000000000000000000000000 759796809615835112579144013487309881462163700945832890343784410589116698190574898874853596772888519030115775830681161666940248299188520559021770143777776870788794947645003627763972052321825797973112015697580721769815790368046424419401452897660649988244712323480598181545103021118757945664512280669999132213079/1000000000000000000000000000000000000000000000000000000000000000000000000000000000000000000000000000000000000000000000000000000000000000000000000000000000000000000000000000000000000000000000000000000000000000000000000000000000000000000000000000000000000000000000000000000000000000000000000000000000000000000000

-1
6151192865172226964991774962182617496640276414412402564950403538598790087363067742520629110970834475393598698476188991042975674777527759504952799471228219060126951173798599420306384559631667360328284035391052222397346388528897613990711782111578995859344742442953151850618021393408419554964340628666616313633851/10000000000000000000000000000000000000000000000000000000000000000000000000000000000000000000000000000000000000000000000000000000000000000000000000000000000000000000000000000000000000000000000000000000000000000000000000000000000000000000000000000000000000000000000000000000000000000000000000000000000000000000000 -3670398620513681889364309631966109339956278635576569756391434002671802103647302394488598622115297639227034995770749214741591551639578264721131441552021812677772708286141723357679549365546988796543038440085128673167496226548831849563669820307618251082074122033116958716619843760952857184251188708829010306095871/5000000000000000000000000000000000000000000000000000000000000000000000000000000000000000000000000000000000000000000000000000000000000000000000000000000000000000000000000000000000000000000000000000000000000000000000000000000000000000000000000000000000000000000000000000000000000000000000000000000000000000000000
0 0

0 0

0 0

