1                                                

-0.3602436259077577975922133716347840055313e-20 0.3330211281106154411539645234761564135909e-20
-0.4175384185482691329020886999342765089166e0 -0.5532194723498966479245478235741235495167e0
0.1256950353221411315715505995687089838488e0 -0.7118112572158785069769549714210727956969e-1
0.1000000000000000000000000000000000000000e1 0.0000000000000000000000000000000000000000e0
-0.2727725036511304853554551110017506935561e-1 0.2066191467498658211368778907154969856740e0
-0.3289308682265249244425714320707649684695e-20 0.2875677696847587889844015371688179104568e-21
0.6729278469365936717216762974676670320293e0 -0.2907475515201422079646676358941007939860e0
-0.4501469357820195536105324950677353958423e0 0.3018188974064899568564338512541969388921e0
0.1000000000000000000000000000000000000000e1 0.0000000000000000000000000000000000000000e0
0.1037455193796908860643750436920334058348e0 0.6840247370117653270362210689883777515722e0

