1                                                

0.612024726213944148646e-1 -0.618970100614089681932e-1
-0.464941905076683810883e0 -0.580318255135668054990e0
0.939628301427340700673e-1 -0.132781707940541349717e0
0.100000000000000000000e1 0.000000000000000000000e0
-0.146679647357248767701e-2 0.241631205075984680557e0
0.684032158080314447470e-1 0.510587287665930634009e0
0.100000000000000000000e1 0.000000000000000000000e0
-0.571379814857271725972e0 0.246260912772104964514e0
0.639328049032908446350e0 0.626248888387396555400e0
-0.203110512661121272594e0 0.479849936308572504298e0

