1                                                

0.336839083424243856398e0 -0.130757942082673253941e0
-0.448484903869125500428e0 -0.789590494430383609936e0
-0.589180685124102604229e-1 -0.395291672203239147047e0
0.100000000000000000000e1 0.000000000000000000000e0
0.503924546349613021153e-1 0.401246835411511507043e0
-0.449169171106786924727e0 0.548902709541133440835e0
0.111206572524563584837e0 -0.715979653302742458391e0
-0.114944271990860284766e0 0.817562240439134951082e0
-0.167613883782309948129e-1 -0.937697720466215769086e0
0.100000000000000000000e1 0.000000000000000000000e0

