10
0
0
64
-0.278073304551923355233e0 0.692420923014859978598e0
0.131344831039515236553e1 0.101344945361924587122e0
0.603209770421706433494e0 0.719217510415209138638e0
-0.125831300020099703160e1 0.142448762135053113621e1
-0.623128313676768325871e0 -0.461547423726548704102e0
-0.456190107822994762692e-20 0.133109904172033213440e-19
-0.299132121971677890646e-20 -0.186027178455694438514e-20
0.906988395535014602070e-21 -0.185601865969723989570e-20
-0.103993146610166639285e-19 0.956882532601342414291e-20
-0.159080074501787098267e1 0.146292892455739057282e0
2.70847178923841e-18
5.899453108702473e+18
1.72006370911921e-19
2.38418579101563e-8
9.75360229925578e-18
1.000000000000000e-01
2
1
-1

2 0
2 10
-4484675322091613315679106996548785582970361115893426694271870462506862209300311395947579772075010864642349657266234768904164164257974556594530082632556570897848369223332460393457131756953061834129006375028938663388184516985179217639701085317496178445530900386696930385129275279667351935843474139221739429136379/10000000000000000000000000000000000000000000000000000000000000000000000000000000000000000000000000000000000000000000000000000000000000000000000000000000000000000000000000000000000000000000000000000000000000000000000000000000000000000000000000000000000000000000000000000000000000000000000000000000000000000000000 254645595772114784789658167837761749695181312896261798617106812188002148333270713179729687490093656459225191941214521588185531309851213787469637020791025019340040810778780653517657444677441684653463155236240755244657145059740647732241597879884754413114308178292200117076644545339287887470824979397293172059329/1000000000000000000000000000000000000000000000000000000000000000000000000000000000000000000000000000000000000000000000000000000000000000000000000000000000000000000000000000000000000000000000000000000000000000000000000000000000000000000000000000000000000000000000000000000000000000000000000000000000000000000000
4381150630067291251728512705661804337860477365164565889956275422919532805011722749747890170623640473015984870738126809989644484566029390405584482614818897492336106308996387505982274732099606293636331032226635555748914851612907932457659268749422190112207741857324378182979315864507935355460972418902616168169981/5000000000000000000000000000000000000000000000000000000000000000000000000000000000000000000000000000000000000000000000000000000000000000000000000000000000000000000000000000000000000000000000000000000000000000000000000000000000000000000000000000000000000000000000000000000000000000000000000000000000000000000000 642124610394635613803867249008285765941443818811013580390300628096716891371927953479842409149670424847390691265573643202119978347776765931244389208237056703870038493163530473036040034522832979618831149736737973946157552252670520590262680245478105164271575390085559559183341660753462426570251788001048416199171/1250000000000000000000000000000000000000000000000000000000000000000000000000000000000000000000000000000000000000000000000000000000000000000000000000000000000000000000000000000000000000000000000000000000000000000000000000000000000000000000000000000000000000000000000000000000000000000000000000000000000000000000
6791278646293868281327813828164560757554001232912803248576776054301196634861144958433324828498470969248473227718520719197519184524642257711685949697496343963491104170372682967262764240471080624815719086123527143839524966505184037570601962026194416710908998098048892434331111813378932710753020533445362307705627/10000000000000000000000000000000000000000000000000000000000000000000000000000000000000000000000000000000000000000000000000000000000000000000000000000000000000000000000000000000000000000000000000000000000000000000000000000000000000000000000000000000000000000000000000000000000000000000000000000000000000000000000 -1201325714345602748132607671071406315601333776400338195190210806981178560515520122039924471227517340961239924526966425735286813386580054056686801277771183203289431454119885949683425094137131201940390320062742862272772550350881642224330706389802819647327622316628198087914666686460247656883744255622968084048923/5000000000000000000000000000000000000000000000000000000000000000000000000000000000000000000000000000000000000000000000000000000000000000000000000000000000000000000000000000000000000000000000000000000000000000000000000000000000000000000000000000000000000000000000000000000000000000000000000000000000000000000000
7515122529769144967741406819461647016530874018655960310358355486046406525144439592182065575151321526869956923215764764136493936778030273163952404308292123846978320011300009846796522916435298340853573430305135867602887964751558068461340509870023404836231941978478918937250449420366783908182048344637370131031653/100000000000000000000000000000000000000000000000000000000000000000000000000000000000000000000000000000000000000000000000000000000000000000000000000000000000000000000000000000000000000000000000000000000000000000000000000000000000000000000000000000000000000000000000000000000000000000000000000000000000000000000000 2753483592478965163551946761457790239933917810077963253050288791528875639493358689529131867046984848104792283198826042686301927693962524680288793579494848065790286960375482176438791019510557729326075337154031369083048177118686632181190764193480279748526901869693984654497954777144864158257135715953407023838457/5000000000000000000000000000000000000000000000000000000000000000000000000000000000000000000000000000000000000000000000000000000000000000000000000000000000000000000000000000000000000000000000000000000000000000000000000000000000000000000000000000000000000000000000000000000000000000000000000000000000000000000000
-377756194709880211317251394598066336771258705555652941937094866345983117960618403564029076822051805962199718588443006564603845828313062713764461995290749805218199305951225860698160889601212383131081793286578703556438279964207464678810941351658948843878618513293300612084656597041091664746875124410955877753409/2500000000000000000000000000000000000000000000000000000000000000000000000000000000000000000000000000000000000000000000000000000000000000000000000000000000000000000000000000000000000000000000000000000000000000000000000000000000000000000000000000000000000000000000000000000000000000000000000000000000000000000000 672527671419318480217344745883573164289365918765192027438207410771663759080692881090350474835615942236442521801484175611106434003263216466607696092740488662620093172038958137173005693975248613318931418938828161270843359111014328524621731625961924181608664523653872076997906054865636072643709607849168369329721/2000000000000000000000000000000000000000000000000000000000000000000000000000000000000000000000000000000000000000000000000000000000000000000000000000000000000000000000000000000000000000000000000000000000000000000000000000000000000000000000000000000000000000000000000000000000000000000000000000000000000000000000
0 0
0 0
0 0
0 0
0 0
0 0
0 0
0 0
0 0
0 0
8493471114878531801358302330336569425437831305112409090581849892841790065506333606262113034880029747579478308222405869710365615916975640130182908772214419232615243353082961870837619272031423437610445889056600157890994631836724202561934561676099156691581101839340074914607641341023858455162325448558207107013783/10000000000000000000000000000000000000000000000000000000000000000000000000000000000000000000000000000000000000000000000000000000000000000000000000000000000000000000000000000000000000000000000000000000000000000000000000000000000000000000000000000000000000000000000000000000000000000000000000000000000000000000000 1028224405548138534303282421058995128407730222315420793299966050787534803694929824536757568845692221380557121492423590847170423101128178630647335389671347019586080232858746144508970288852203809238257426261909204683107775994396647097308304222222923025536910715664853324845564061954203855565951458197711175084423/2500000000000000000000000000000000000000000000000000000000000000000000000000000000000000000000000000000000000000000000000000000000000000000000000000000000000000000000000000000000000000000000000000000000000000000000000000000000000000000000000000000000000000000000000000000000000000000000000000000000000000000000
-6917482968361395184557547894464663611547792190804670754141957867966804066383926307682125981907312404850863251483289823451922240401789094537037280343105719915172939751934998744155235211794864223254794409673844165300534325083319863512692893183104578511303549188846711594297334338007535115957807274751495923939077/10000000000000000000000000000000000000000000000000000000000000000000000000000000000000000000000000000000000000000000000000000000000000000000000000000000000000000000000000000000000000000000000000000000000000000000000000000000000000000000000000000000000000000000000000000000000000000000000000000000000000000000000 -521983803499140937418933274466243948178197879858491546552463754525619221664594235474259301013078505522500793596816555334921749607004961264424747511090086934851250222405053403393080940471901009593620289942540904094444745963151038366621015943424871724817474971333425665697165296451523705390678059059190187552281/125000000000000000000000000000000000000000000000000000000000000000000000000000000000000000000000000000000000000000000000000000000000000000000000000000000000000000000000000000000000000000000000000000000000000000000000000000000000000000000000000000000000000000000000000000000000000000000000000000000000000000000000
-4445940736472785052531241217228633237382794637695572522843676808971002598694509802495534767638997164970908455458185039842070874619411584109789525792306307012730921751254730311312727048151346395303402659961498341697562372491741423907894835534274726565594272658027764322536303869050087026341450773920838353886253/10000000000000000000000000000000000000000000000000000000000000000000000000000000000000000000000000000000000000000000000000000000000000000000000000000000000000000000000000000000000000000000000000000000000000000000000000000000000000000000000000000000000000000000000000000000000000000000000000000000000000000000000 -882436644686570813103753810325431609392995510817262103247510706994204809326516662152554636232798914957784055348397964876733582109932265797788745786567070729651718264653420770557166924310589715268012469123684938185593382722634171929450476045665575429875226060545395538874994971815694874843789259418204692447881/1250000000000000000000000000000000000000000000000000000000000000000000000000000000000000000000000000000000000000000000000000000000000000000000000000000000000000000000000000000000000000000000000000000000000000000000000000000000000000000000000000000000000000000000000000000000000000000000000000000000000000000000
268368338863311181336117998055142089896283183983636197691425663631656512097840197719502087824883622646319307460903615874970100320371651585148771349414478568598730132585072010065667916372053108243742962245682036006157309956463674951884877588928755399968375526408509954467460367349099449040329436987586325366331/500000000000000000000000000000000000000000000000000000000000000000000000000000000000000000000000000000000000000000000000000000000000000000000000000000000000000000000000000000000000000000000000000000000000000000000000000000000000000000000000000000000000000000000000000000000000000000000000000000000000000000000 -1186259093087760298418411279412749669022839056509920043465686390029904814290258518321424980501482230696159595321147979441187359075303888423715168237789898539841245013115168328053537828296402605374393166753371604696065983535736943019366111005502659206433500359346814050356116631814839349256590189240703793762601/2000000000000000000000000000000000000000000000000000000000000000000000000000000000000000000000000000000000000000000000000000000000000000000000000000000000000000000000000000000000000000000000000000000000000000000000000000000000000000000000000000000000000000000000000000000000000000000000000000000000000000000000
-1558356619946845958395942776807198599522041199622892347546472600486811987298139243197707557052713683647897482318129439921684133022921504249605205809132107601214888019897451384229925044562583012201469442681607259903014466132337084831594901920981321407087366621338664139032749209173638113576143932753274813440169/2500000000000000000000000000000000000000000000000000000000000000000000000000000000000000000000000000000000000000000000000000000000000000000000000000000000000000000000000000000000000000000000000000000000000000000000000000000000000000000000000000000000000000000000000000000000000000000000000000000000000000000000 -229294835948306655692113712882974890489824871021271515202634719037112474252487398789121868959619882936911305620605125506349052642216608264572523480661483829445400992816669087554643466784398484300188001019804668869366242584643190406644383819101175568005678201696636291974967446861108432293014673121070110400773/4000000000000000000000000000000000000000000000000000000000000000000000000000000000000000000000000000000000000000000000000000000000000000000000000000000000000000000000000000000000000000000000000000000000000000000000000000000000000000000000000000000000000000000000000000000000000000000000000000000000000000000000

-1
-632264152051160526163438326960591109924951398590087247794506134170937586525108869485322672544936431982934759368468108254864346639204584170793118667132876394960620632338754970440212425794638109475141285679055502540049012144317606480944475047232708579367722755877353716549494929327094326721428386648406759749129/1250000000000000000000000000000000000000000000000000000000000000000000000000000000000000000000000000000000000000000000000000000000000000000000000000000000000000000000000000000000000000000000000000000000000000000000000000000000000000000000000000000000000000000000000000000000000000000000000000000000000000000000 -558054155777564669292175661505888178389984229538587571608247824577956592169582789383560971267145755881946813883149150089616083058184952831553541583490257952338853137770685065626294778745908863799473148615978986124213487980947285752506409240037982913069027402107194196054301236151971995241350538265985552353779/1000000000000000000000000000000000000000000000000000000000000000000000000000000000000000000000000000000000000000000000000000000000000000000000000000000000000000000000000000000000000000000000000000000000000000000000000000000000000000000000000000000000000000000000000000000000000000000000000000000000000000000000
0 0

0 0

0 0

