1

0
0.369894021103631396468e0 -0.131534418475154351122e0
-0.417538418548269132095e0 -0.553219472349896648311e0
0.734916333451974001264e-1 -0.488375776411736535541e0
0.100000000000000000000e1 0.000000000000000000000e0
0.350508746405956586156e-1 0.406478325097082784689e0
0.360666283892644670284e-20 -0.803580292404284514243e-20
0.175798041163843439409e-20 0.133106036723177068280e-20
-0.671758421681851994937e-21 0.110494364719332167839e-20
0.703085689629880594177e-20 -0.536852962947006334984e-20
0.100000000000000000000e1 0.000000000000000000000e0

