1                                                

0.297504858730361234828e0 -0.165414771137624562418e0
-0.393652837779247665953e0 -0.700354156712539990272e0
0.232808638453657429314e-1 -0.456420368444127393760e0
0.100000000000000000000e1 0.000000000000000000000e0
0.264909477337418716367e-1 0.385843962075519819496e0
0.338679760147845997407e0 -0.412500647181793740506e0
0.154339945699529007669e0 0.471658647919572820062e-1
-0.424946228961678233558e-1 0.506535327056708031455e0
0.333762800034080471214e0 0.609425567564990848667e-1
0.100000000000000000000e1 0.000000000000000000000e0

