10
0
0
64
0.650627182609709447947e-19 -0.517219493417157144544e-19
0.458541665969154431246e0 0.198129760709718429903e1
-0.421126740348101702985e0 -0.712463350836116134047e0
-0.715018044827875770509e0 -0.106317302989821713339e1
0.386533310887877461372e0 -0.589658873381139057748e-1
0.130887853548522863989e1 -0.990504217275057581484e0
-0.121683485226189446585e0 0.139031609524592053193e1
0.122607669169578216949e1 -0.839228713998645446204e0
0.277701231639349947945e0 0.332845176360832284293e1
-0.346845090805243649358e1 -0.236365877229305084686e0
2.96797093672615e-18
1.184154641182851e+19
1.76175732709072e-18
5.96046447753906e-9
2.54022952432326e-17
1.000000000000000e-01
2
1
-1

2 0
2 10
-8644106461464167402014494031307831464138776251367225099659749782656070343843314120336770052506323876967029719373244028673097790826747180949271856563685622152025369327124275127569877110665654036552513898551382747442441249926687609418017887508644076829587623780045763308019341215630411529071765320500985039279009/10000000000000000000000000000000000000000000000000000000000000000000000000000000000000000000000000000000000000000000000000000000000000000000000000000000000000000000000000000000000000000000000000000000000000000000000000000000000000000000000000000000000000000000000000000000000000000000000000000000000000000000000 7385381395741062571559840377574158578931370945563700844212627144965110667112832031431877486220282608223637018089970366095617007181905689165836949565327412083463827090652316888130865096649732558272537853319723826294685073379118435748689623050691979707445910571603233728771326212435454183884349734724423737786679/10000000000000000000000000000000000000000000000000000000000000000000000000000000000000000000000000000000000000000000000000000000000000000000000000000000000000000000000000000000000000000000000000000000000000000000000000000000000000000000000000000000000000000000000000000000000000000000000000000000000000000000000
4301153951385530299000120625342498305934381194273714632902575708965576185753905308627530780477387049797374275664441707744753325821404305076092579182461148280479143693993198252225976346871322989936693258983457073948600093905756900112520199098418483353756542853987023743207713747999203718020138422497412037276267/5000000000000000000000000000000000000000000000000000000000000000000000000000000000000000000000000000000000000000000000000000000000000000000000000000000000000000000000000000000000000000000000000000000000000000000000000000000000000000000000000000000000000000000000000000000000000000000000000000000000000000000000 -1886463526492120258412987926604402631875360689204795161800356129928963668519476737409730381293098848607744460469981162126466224294271452328172196697363290669182128998685872605635142218092700128355350859725683146237565227843094534415963235429822631016959966456842674047736666538597640704394370025626771880064187/10000000000000000000000000000000000000000000000000000000000000000000000000000000000000000000000000000000000000000000000000000000000000000000000000000000000000000000000000000000000000000000000000000000000000000000000000000000000000000000000000000000000000000000000000000000000000000000000000000000000000000000000
6682045689767917975011600097623061034984118516114036019440324437592955200169333224025126234262534721591157777317837903097005075384066356419516685275063553586078809934746070630493122417446679616272658294286629988608727515297854409121930382230045913988696253551410204938581106154280110892470556576755681936517491/10000000000000000000000000000000000000000000000000000000000000000000000000000000000000000000000000000000000000000000000000000000000000000000000000000000000000000000000000000000000000000000000000000000000000000000000000000000000000000000000000000000000000000000000000000000000000000000000000000000000000000000000 -314081013779571487592552674524988952210369999426047547429208349868081909477249143402582495667480578641666695098708707099308827605117583383229181294678623829503249358264742958189080074230879085200507357163678257703558164864833972697876436076782965569352552707069564221416491564215942354646253513418905848252533/2000000000000000000000000000000000000000000000000000000000000000000000000000000000000000000000000000000000000000000000000000000000000000000000000000000000000000000000000000000000000000000000000000000000000000000000000000000000000000000000000000000000000000000000000000000000000000000000000000000000000000000000
7697885876921534440624220146868700904813293061172132397718542698388278059153351161735655162517849850554986745924361930505683677274213333084376543638346445181354553263629025001474952843179901395228408440793772891231616870630650965924561806980856572083018729997376879384478670160188850815622570987964034635669437/10000000000000000000000000000000000000000000000000000000000000000000000000000000000000000000000000000000000000000000000000000000000000000000000000000000000000000000000000000000000000000000000000000000000000000000000000000000000000000000000000000000000000000000000000000000000000000000000000000000000000000000000 4293532940140888065491573605929484411554115094444046907661139885883166402582665069441918237304010007772062009378613876278147368133934824499357588466865794219633984728748617748721027577797250113425303914910265220731704912666937649788762088645684560256239341341778200106774134191526205342223394944417970107079847/5000000000000000000000000000000000000000000000000000000000000000000000000000000000000000000000000000000000000000000000000000000000000000000000000000000000000000000000000000000000000000000000000000000000000000000000000000000000000000000000000000000000000000000000000000000000000000000000000000000000000000000000
5771602151716839833105779791593336589545709208067826877326467127940025092433311861119992081522279069791360958382262944092585240945444707023796931144117191005454362668201090006041831039363448592779463776673256972570584504017076800257203407002932279674517906281365680984543610541967641357740022171592660058954649/10000000000000000000000000000000000000000000000000000000000000000000000000000000000000000000000000000000000000000000000000000000000000000000000000000000000000000000000000000000000000000000000000000000000000000000000000000000000000000000000000000000000000000000000000000000000000000000000000000000000000000000000 668786476446331542548460431418569163647861623964046189754991963514735941172816394939515757236258301502156572424286561090918502298039641391160369925448114380222007858237316719200587624032178571438281374367397823220707712640160485279616938973821681355577491963659558190751238082408115236201554772729891251410591/1000000000000000000000000000000000000000000000000000000000000000000000000000000000000000000000000000000000000000000000000000000000000000000000000000000000000000000000000000000000000000000000000000000000000000000000000000000000000000000000000000000000000000000000000000000000000000000000000000000000000000000000
0 0
0 0
0 0
0 0
0 0
0 0
0 0
0 0
0 0
0 0
4292358766750943152802979633028105009203244973807186947476328671162502126666372640254096888014478373203296952189109639695219905792101204432829595515505759658675592583030063330757455824404007285088309125348192555742718289689810457293608041844970037064193407058506051088805011816015726532815631084458598757697903/5000000000000000000000000000000000000000000000000000000000000000000000000000000000000000000000000000000000000000000000000000000000000000000000000000000000000000000000000000000000000000000000000000000000000000000000000000000000000000000000000000000000000000000000000000000000000000000000000000000000000000000000 3211612775313926683504644265157086777642585635124641321857385206603788460929834027622785201681326194013048177558758952549323400523888480285466395898297355115417056196275270874018042859198146847067612441001919735507417342906906680587026867697992524959539666186522042552232215352992360288843233529004931371412379/10000000000000000000000000000000000000000000000000000000000000000000000000000000000000000000000000000000000000000000000000000000000000000000000000000000000000000000000000000000000000000000000000000000000000000000000000000000000000000000000000000000000000000000000000000000000000000000000000000000000000000000000
-974168089006193682820558214248328873197686339346770333017673714928999739415862062422088598821126929694850267359738322553663279949595778412551944753786255787135458044554212936371977150552793067459754309239591789019100111068800805448480907126596188649422460380469178580038399787593140163434339664975169092476057/5000000000000000000000000000000000000000000000000000000000000000000000000000000000000000000000000000000000000000000000000000000000000000000000000000000000000000000000000000000000000000000000000000000000000000000000000000000000000000000000000000000000000000000000000000000000000000000000000000000000000000000000 -9255839206779137997995187225694993020220578224694546987921858532528603290924900175333061882558466354134869871347142222149104461598275239198251431987740616722591714659559002278103056028133759828825245624810594398819287201332064742360658700992939904960875524101344687539305225693321339571141439582294573949727907/10000000000000000000000000000000000000000000000000000000000000000000000000000000000000000000000000000000000000000000000000000000000000000000000000000000000000000000000000000000000000000000000000000000000000000000000000000000000000000000000000000000000000000000000000000000000000000000000000000000000000000000000
-1200134704971048257050919990789631780298829845072748236903669326331323676577280477467389641763556533853438437955672677924283128339496546153148349175666502372663756493507467589672769451032692959000213483744418121415057684648922400684635935359109037520996991805094138368832327944862475397762204986891789381320119/2500000000000000000000000000000000000000000000000000000000000000000000000000000000000000000000000000000000000000000000000000000000000000000000000000000000000000000000000000000000000000000000000000000000000000000000000000000000000000000000000000000000000000000000000000000000000000000000000000000000000000000000 -93690056142005891845447766944655960297335822302014674318076141838044169811462928967791693032847235972589518104043274789533233117996009208511224823124222294400131529973158419467344209387629507271941926530007613286870811844088712863818813249074278357263001051299716209167549007661187918527032555867891743623053/100000000000000000000000000000000000000000000000000000000000000000000000000000000000000000000000000000000000000000000000000000000000000000000000000000000000000000000000000000000000000000000000000000000000000000000000000000000000000000000000000000000000000000000000000000000000000000000000000000000000000000000
4304058535491284633290338098444992927814786359529687537271064590326351195820413228072843733681334033955099448556136277428704386644327312202734600275762337576835728001049707856749625334672434336174390421456559148845226851848675453215022344432922433121737671403809251393196728197710705477277145137826437824104771/5000000000000000000000000000000000000000000000000000000000000000000000000000000000000000000000000000000000000000000000000000000000000000000000000000000000000000000000000000000000000000000000000000000000000000000000000000000000000000000000000000000000000000000000000000000000000000000000000000000000000000000000 -1576491656971687782636681626588393451245369049491364399635191333386333185138149997040891661810719607880311327673894978420735061440157092252503859186012840774214814363744316461969575910621871573821997461268383584690944446323500416140171610595497833397257248868791011696061569342997467954057300064179933885793227/5000000000000000000000000000000000000000000000000000000000000000000000000000000000000000000000000000000000000000000000000000000000000000000000000000000000000000000000000000000000000000000000000000000000000000000000000000000000000000000000000000000000000000000000000000000000000000000000000000000000000000000000
2531642351363033227169981200336375514598970710809068837081449132677209155665292961019816850264790320169060802160493190020328668260321783783701701893147461254958304116547135318491869726558360697907734097642300467850503752204753379919755094386377873541585700033840018381425282223968640795442513153141227130257761/5000000000000000000000000000000000000000000000000000000000000000000000000000000000000000000000000000000000000000000000000000000000000000000000000000000000000000000000000000000000000000000000000000000000000000000000000000000000000000000000000000000000000000000000000000000000000000000000000000000000000000000000 3816934435727004839070792316426378372124545541786907337710608029538276026707272746262625229694233352021137684057804905500704861063604496948844621738811971154075380646968026254063465848009747511583350687991960750816021871705828103050505398627383472185591162465639774543890031462219362057862470319818747595158093/10000000000000000000000000000000000000000000000000000000000000000000000000000000000000000000000000000000000000000000000000000000000000000000000000000000000000000000000000000000000000000000000000000000000000000000000000000000000000000000000000000000000000000000000000000000000000000000000000000000000000000000000

-1
-2523742552767077770161443405446807859064978444330136360573054492217240993939487052447565885883777290749451726076208841231765674386158050432213275336925458842621468753292657704696593862026439669262498859338581078824913129596946000830729375766646437304554274189125023368997062076758006928738890159598933034992277/10000000000000000000000000000000000000000000000000000000000000000000000000000000000000000000000000000000000000000000000000000000000000000000000000000000000000000000000000000000000000000000000000000000000000000000000000000000000000000000000000000000000000000000000000000000000000000000000000000000000000000000000 9696435996289941475346052949337685612964913870082606820204959070684080230414232773447654291524904122773127413290776911526793048694602302105815957880499738652795011791718020006042500078200594346759030507721505678012903601932871729401456081119597149893107599280180430843108992774194547613081227110836783968542659/10000000000000000000000000000000000000000000000000000000000000000000000000000000000000000000000000000000000000000000000000000000000000000000000000000000000000000000000000000000000000000000000000000000000000000000000000000000000000000000000000000000000000000000000000000000000000000000000000000000000000000000000
0 0

0 0

0 0

