1                                                

-0.175643395522660342352e-19 -0.369034412190295897797e-19
0.100000000000000000000e1 0.000000000000000000000e0
-0.388003730919588491610e0 0.122753322014210853584e0
-0.588598905352741812635e0 0.224661313164335406085e0
0.146072457797871083700e-1 -0.191710361286557463294e0
-0.356251219018977326322e0 0.309852979806465188983e0
0.773041143865198689263e-2 -0.401373217506100091835e0
-0.335447203120508852437e0 0.264820523852850549674e0
-0.144789222035319717938e0 -0.949769398344557250126e0
0.100000000000000000000e1 0.000000000000000000000e0

