1                                                

0.100000000000000000000e1 0.000000000000000000000e0
-0.337429380816911762120e0 0.187547635508551528444e0
0.289703034357972360145e0 -0.327805701410031346719e0
0.822200863059661419521e0 0.242167083816449094362e0
0.126909036954161254736e0 0.423844192994330850899e0
-0.356251219018977326538e0 0.309852979806465189173e0
0.773041143865198675372e-2 -0.401373217506100091889e0
-0.335447203120508852112e0 0.264820523852850549728e0
-0.144789222035319718439e0 -0.949769398344557250235e0
0.100000000000000000000e1 0.000000000000000000000e0

