1

0.468602412021914687204e0 -0.272691576814578913983e0
0.164626739841654909520e0 0.120714748693976503629e0
0.100000000000000000000e1 0.000000000000000000000e0
0.497062284893768084398e0 0.778209982118972510374e0
-0.234326599606455134782e0 0.229618646311379705659e-1
0.100000000000000000000e1 0.000000000000000000000e0
-0.776040527998870910246e-1 0.590569296705486804265e0
-0.157942934211608071164e0 -0.443868634771826822673e-1
0.600942918759293127364e0 0.351042643986324817495e0
0.136702857051159256093e0 0.116146518552917261331e0
