1                                                

-0.236447087800151052801e0 -0.910012901994433484425e0
0.100000000000000000000e1 0.000000000000000000000e0
0.413708941740281667447e0 -0.308847053370198694884e0
0.730711111582224341295e-1 0.729413823231372012920e0
-0.656240979259444210411e-1 -0.878775136820848382601e0
0.100000000000000000000e1 0.000000000000000000000e0
0.363017753393625673436e0 -0.428476048935356432999e0
-0.454856025183012203857e0 0.360395649464909654088e0
0.106449218879817756557e0 -0.824947343503769692338e0
0.753219463466691122749e0 0.282207113891719498015e0

