1                                                

0.483361789877842920785e-18 0.160261112568869163681e-18
-0.417538418548269132176e0 -0.553219472349896647389e0
0.125695035322141131630e0 -0.711811257215878515628e-1
0.100000000000000000000e1 0.000000000000000000000e0
-0.272772503651130485051e-1 0.206619146749865821756e0
-0.356251219018977326430e0 0.309852979806465188821e0
0.773041143865198690619e-2 -0.401373217506100091808e0
-0.335447203120508852437e0 0.264820523852850549918e0
-0.144789222035319718453e0 -0.949769398344557250289e0
0.100000000000000000000e1 0.000000000000000000000e0

