1                                                

0.492244127735195307260e0 0.371662515473130602154e0
-0.210809069217238258587e0 -0.672170526662670688779e0
0.540169099196308794735e0 -0.653735139139612386196e0
0.100000000000000000000e1 0.000000000000000000000e0
-0.252512160807977009696e0 0.498563842485127292137e0
-0.356251219018977326511e0 0.309852979806465189227e0
0.773041143865198677066e-2 -0.401373217506100091889e0
-0.335447203120508852085e0 0.264820523852850549755e0
-0.144789222035319718453e0 -0.949769398344557250181e0
0.100000000000000000000e1 0.000000000000000000000e0

