1

0
-0.285268783587991013592324228448e-20 -0.933153841524192579408726607670e-20
0.100000000000000000000000000000e1 0.000000000000000000000000000000e0
0.560336471771679639474652647621e0 -0.787134470048814384325690664013e0
0.336888101694313906890590626351e0 0.618254547737698949050823096784e0
-0.368349361947166376678502568233e0 0.140810046579890706669844089703e0
0.100000000000000000000000000000e1 0.000000000000000000000000000000e0
-0.355741448378928573185423416831e-19 0.903278878507541193275424470051e-20
0.313144614222138123285290901945e0 -0.321918163411983690743620463964e0
-0.828030001531057612031934424311e-20 0.333829351365129873374780355256e-19
-0.244775920961922783822875410817e0 -0.335518976220276077792908283117e0

