1                                                

0.694254584891295654280e-1 0.316550661067845793813e0
0.100000000000000000000e1 0.000000000000000000000e0
0.376371859700051601254e0 -0.335991776088823636129e0
-0.119346591013265847432e0 0.795677583085210046927e0
-0.364855597472368042172e0 0.435519857672425718116e-1
-0.151654342761759760444e0 -0.656181300433002886649e0
0.100000000000000000000e1 0.000000000000000000000e0
-0.452439871730599275977e0 -0.138235360453748853455e0
0.436092221910164443426e0 -0.799787446747175914739e0
-0.207421526555261257683e0 0.636370585020303032911e0

