1

0
0.235106762281815650988696113377e-18 0.325276564756806700768170604269e-18
0.100000000000000000000000000000e1 0.000000000000000000000000000000e0
0.314601955690548303493441618625e0 -0.594381287056519808972312527737e0
0.730711111582224342843022222763e-1 0.729413823231372013556193404521e0
-0.296877221593833705173826422932e0 0.842529836340004520704624939922e-1
0.621388835022179639680045089009e-18 -0.398185809087400546658342595048e-18
0.100000000000000000000000000000e1 0.000000000000000000000000000000e0
0.299982545409416022734090972356e-18 -0.139884704102412211057548879028e-19
0.292710801128752162695896105894e0 -0.924947074987189977435552505174e0
-0.263421478690977251816426417943e-18 -0.182456339872467531019243718083e-18

