1                                                

0.100000000000000000000e1 0.000000000000000000000e0
-0.906571791841904036811e0 0.124712630000479785393e0
0.151296057416188751824e0 0.623992571151192718115e0
-0.157211324428478124265e0 -0.652153106271519451115e0
0.309157785524111448743e0 0.343704552926948306589e-1
0.100000000000000000000e1 0.000000000000000000000e0
-0.577642679013688601665e0 -0.181558622723409297681e0
-0.376018591481307544282e0 -0.542969428238883539465e-1
-0.175114269845358271472e0 0.719157105492040633064e0
0.431962169001506536754e0 0.477133211464470981199e-1

