1                                                

0.100000000000000000000e1 0.000000000000000000000e0
0.839506689261003840362e-23 0.546416462796765984014e-24
-0.141560549248378610604e0 -0.400429515505362151949e0
-0.559893719208592754928e-23 0.157827138414365340196e-23
-0.816109506104383411335e-1 -0.127913005880385788270e0
0.100000000000000000000e1 0.000000000000000000000e0
0.518119111172874694998e-23 0.522661713071980065652e-23
-0.105508019004203035032e-23 -0.231891730096094901612e-24
0.335186689368740007558e0 -0.200007971039487421496e0
0.779314455079804374593e-1 -0.445931885883090287277e0

