10
0
0
96
0.277255226711083444875028391499e-19 -0.182389781156622171288767934741e-18
0.147365888110404640983316297841e1 -0.342864424953992588096398213931e0
0.306449926822299149904161464188e-1 0.313838539374840602791529172985e0
-0.886008909544496841575113005800e0 0.199507822366579602078469899887e1
-0.388053473421698693001682810967e0 -0.237486653107779911675156418586e0
0.412161510846985240760949338787e0 -0.174973270436529998157846474277e0
-0.806554947100307764710114497944e-1 -0.759224803102233651306619587194e-1
0.731425371654430731571693715732e-1 -0.123814459584051245677203361278e-1
-0.456302918808428159601429281491e0 0.220812060240269993299875420991e0
-0.287229622856755270789022907631e0 -0.389874324771673594672814783576e0
8.86765686814917e-19
8.489542747323347e+27
5.04197847846557e-27
5.96046447753906e-9
2.54394701407503e-17
1.000000000000000e-01
2
1
-1

2 0
2 10
-2189641635942398323076579266701338248270791911192816579390924920586984393001384536121952969605452247969829520254500773754000284465754872493912762241818865104273988056480923303425772549918223125588407964275691364338319753674798902297644700707768029993470537386941419966056001611716354832800200908257951269592859/2500000000000000000000000000000000000000000000000000000000000000000000000000000000000000000000000000000000000000000000000000000000000000000000000000000000000000000000000000000000000000000000000000000000000000000000000000000000000000000000000000000000000000000000000000000000000000000000000000000000000000000000 1386391052091476143838219203085772178399001752578784268573313122719458828992982921779026425895338095916077202981848375342644919515372423754501033859282553192411944178343796710998096576021002750574609851611447019036931516174307567357591959078679326343945478629017259550555173486331611738312446839144542792121809/2500000000000000000000000000000000000000000000000000000000000000000000000000000000000000000000000000000000000000000000000000000000000000000000000000000000000000000000000000000000000000000000000000000000000000000000000000000000000000000000000000000000000000000000000000000000000000000000000000000000000000000000
5504444033816326987059280618998330977456516457884015796318976962643134276109021230672319619819348683246469424386421634082700206446500871377244465647007515426216767123285604339959982847914163782085747814316906161337093629587205037498823133560892089457000182240572401424934354394132273282360447264572881319801863/10000000000000000000000000000000000000000000000000000000000000000000000000000000000000000000000000000000000000000000000000000000000000000000000000000000000000000000000000000000000000000000000000000000000000000000000000000000000000000000000000000000000000000000000000000000000000000000000000000000000000000000000 -8620303009713569286954505342827365763575743565136197725280306079229657223122530826469978964844567195171085986047984144054157003669400030079686131750310288407491868761838990004057504254037339475981525305229164850366955425686494134369395052245450747813818118191494394649349560695370757328343579587152504434143507/10000000000000000000000000000000000000000000000000000000000000000000000000000000000000000000000000000000000000000000000000000000000000000000000000000000000000000000000000000000000000000000000000000000000000000000000000000000000000000000000000000000000000000000000000000000000000000000000000000000000000000000000
-405366096375676678474254187124835910822033894262174244360547011390178020597328756115148608447918901558586176505735778389241341612222809700130140024762172356510681174391038415281108383322528142651960923409630371398904300028193720815469226690372888017323325964263642898541837002799012309050140568113754734397393/500000000000000000000000000000000000000000000000000000000000000000000000000000000000000000000000000000000000000000000000000000000000000000000000000000000000000000000000000000000000000000000000000000000000000000000000000000000000000000000000000000000000000000000000000000000000000000000000000000000000000000000 590250265999402876892301514671880952731551801571312281754498181125920667013807889565308027643404652087804736560480937196953364402344783710621864780349688993450184893467230172284864576951887485741915160689978109276416938130293653899153317747063419675779490122405150443181289930687031725192110535980318280923413/5000000000000000000000000000000000000000000000000000000000000000000000000000000000000000000000000000000000000000000000000000000000000000000000000000000000000000000000000000000000000000000000000000000000000000000000000000000000000000000000000000000000000000000000000000000000000000000000000000000000000000000000
1224065984574878107448729446329602673043256657649543152119585980146089180724896984626875291906252784712656819965818158431192935828809142828583120493739770851242900583150116589611637210366387416140218708705789128167360601281843689854531969666124014242250575133720615221805438101570212628445193999265937294429381/2000000000000000000000000000000000000000000000000000000000000000000000000000000000000000000000000000000000000000000000000000000000000000000000000000000000000000000000000000000000000000000000000000000000000000000000000000000000000000000000000000000000000000000000000000000000000000000000000000000000000000000000 -3195343050969727845816285679313630347533558345776611196018716567617386323853455424051901079150418462300958747676135986808019734501948382173863712260087778531914943096822770866120425038697679168860285655010056607402215099982085281124677947702497791033346229434284748928847667209502634077726557842112380666528991/5000000000000000000000000000000000000000000000000000000000000000000000000000000000000000000000000000000000000000000000000000000000000000000000000000000000000000000000000000000000000000000000000000000000000000000000000000000000000000000000000000000000000000000000000000000000000000000000000000000000000000000000
876648230468409807084348322714564419984737333064154249143876323112888130072726035852976449214768172900569153785709571774429821409811535767536597148006805889201349783267137318094625029057663147254547946706837179317598224282210204633621874244245656772669286254809045689975284835951551136237474316155319420823781/2000000000000000000000000000000000000000000000000000000000000000000000000000000000000000000000000000000000000000000000000000000000000000000000000000000000000000000000000000000000000000000000000000000000000000000000000000000000000000000000000000000000000000000000000000000000000000000000000000000000000000000000 -1376600300508306296590711556150462240144786766707002597738704685354358082442020625573848837602406812433045329559497997112247595404535281057553974136300215894095686101103218101174572359670418945096118364571400350034095269514274752329994200977215695013712514368913028615021512685143797848702086451639418546978279/20000000000000000000000000000000000000000000000000000000000000000000000000000000000000000000000000000000000000000000000000000000000000000000000000000000000000000000000000000000000000000000000000000000000000000000000000000000000000000000000000000000000000000000000000000000000000000000000000000000000000000000000
0 0
0 0
0 0
0 0
0 0
0 0
0 0
0 0
0 0
0 0
9031009041902319819214607584579846396099709832635025124703517271561373544178971620461497243948196311394742258259660080244247459523052293557107670186429057636150332782391032310118688329283075818109825511108538188420193161389821023615292426839458904604218084636259476339252326744681206292987278614018079934895779/10000000000000000000000000000000000000000000000000000000000000000000000000000000000000000000000000000000000000000000000000000000000000000000000000000000000000000000000000000000000000000000000000000000000000000000000000000000000000000000000000000000000000000000000000000000000000000000000000000000000000000000000 158543671681380159819931592389270982003817364882857738107242049325513874635543118253820391098167881239541296315669994504841864167383597593386932018148443417740006763552769011520024357048387260137007071364360926301699906836015849707395543839544649813650140133676058967639891944932801483695005401763117618150511/4000000000000000000000000000000000000000000000000000000000000000000000000000000000000000000000000000000000000000000000000000000000000000000000000000000000000000000000000000000000000000000000000000000000000000000000000000000000000000000000000000000000000000000000000000000000000000000000000000000000000000000000
3211229764937763259870897571643794103390291994536925400062845225643777804187302321840824307500199398617380653126272570586489652578720675603902086907015965431731142299646681830505766917085355639940291477062813310596791800407388379270391046697898914277108461133206694500942579278143622561562901383466169294110523/5000000000000000000000000000000000000000000000000000000000000000000000000000000000000000000000000000000000000000000000000000000000000000000000000000000000000000000000000000000000000000000000000000000000000000000000000000000000000000000000000000000000000000000000000000000000000000000000000000000000000000000000 -856284352942642413714823133871413155868696161842081903350641365003399904607372152021883112205127874615947757460832241644765716774031609478616303413582082239757517290338481728159079318983386976587676650629813984320275927107832966735116537124396561270004542800852615726218511907302095267828315823358058846158429/1250000000000000000000000000000000000000000000000000000000000000000000000000000000000000000000000000000000000000000000000000000000000000000000000000000000000000000000000000000000000000000000000000000000000000000000000000000000000000000000000000000000000000000000000000000000000000000000000000000000000000000000
-897480552723566489362590581608302846644813497490075152774553635372955041816514659809383374091751222552030933681130772675189518291162027724052014582955804294789865100497541736387469859077322054477104832100138020585249697494864140342583258317948907905285824147092310742530753214042679007557179126364969347696367/2500000000000000000000000000000000000000000000000000000000000000000000000000000000000000000000000000000000000000000000000000000000000000000000000000000000000000000000000000000000000000000000000000000000000000000000000000000000000000000000000000000000000000000000000000000000000000000000000000000000000000000000 2008377986606840811811607292511246936043236605202718241617044345052152120987846827475878654777354508063794345036229683035803707944041627062425447291523154422959764555289406433404677494571314502606857387813936295739835885724295205608061107491326666334762673479184043960468758984040098908577719650915372778962981/2500000000000000000000000000000000000000000000000000000000000000000000000000000000000000000000000000000000000000000000000000000000000000000000000000000000000000000000000000000000000000000000000000000000000000000000000000000000000000000000000000000000000000000000000000000000000000000000000000000000000000000000
-9947572816998840074477978943285424311466784237489324566372591233678413291399097953180688172720866387871641917049239070243782650312272171504024313892110564552949601047732974374037955289723303800260455428834745735583897550417715413150859083521916298054644973750348734881569631176900989119715891299415107297374941/10000000000000000000000000000000000000000000000000000000000000000000000000000000000000000000000000000000000000000000000000000000000000000000000000000000000000000000000000000000000000000000000000000000000000000000000000000000000000000000000000000000000000000000000000000000000000000000000000000000000000000000000 -587927607171059181413591504596891970165056718516874012488247704633774645455635243108164683148670640217591836158306553242404808268095866373108789649475861086396704518130689885107612352542037760719867889892692197750630682543693785420222285019531596062972979510251672386738175738510515450483435769984541423533533/5000000000000000000000000000000000000000000000000000000000000000000000000000000000000000000000000000000000000000000000000000000000000000000000000000000000000000000000000000000000000000000000000000000000000000000000000000000000000000000000000000000000000000000000000000000000000000000000000000000000000000000000
-7154589987635006103923744214346301063946714993195154587047450674871991995842081223307272834507156921143933386078318185411672550875502864093302225550073974702486724586165350223899151318265220660842604201561277101492841553080876507509437499409590519628955177994896240786288516342482056153849517454030560313077057/10000000000000000000000000000000000000000000000000000000000000000000000000000000000000000000000000000000000000000000000000000000000000000000000000000000000000000000000000000000000000000000000000000000000000000000000000000000000000000000000000000000000000000000000000000000000000000000000000000000000000000000000 356435198909918681693939994820582594044660871156540303034712541242858856813883351564327347628210828224217625291564121053513749181806162121673751260036339209398584698922051165278685672025733933057023862776319984940351884121175111281508293048185766270297982292687739654055967550452904065520370805008783540642671/2500000000000000000000000000000000000000000000000000000000000000000000000000000000000000000000000000000000000000000000000000000000000000000000000000000000000000000000000000000000000000000000000000000000000000000000000000000000000000000000000000000000000000000000000000000000000000000000000000000000000000000000

-1
-4791024416336214824803639954384891194562755680267934074609595228838093866513849994893828457679572068929913656515649958168998216291686334312873184766767635958563006357637978195819293972233689553973500780706107503354712157777186843658672177882660113419137308658854910709220173450927529900416215061834432495578367/1000000000000000000000000000000000000000000000000000000000000000000000000000000000000000000000000000000000000000000000000000000000000000000000000000000000000000000000000000000000000000000000000000000000000000000000000000000000000000000000000000000000000000000000000000000000000000000000000000000000000000000000000 -3348423912074010468543303628974457116845709841139873157364842564332558078388635139658302493987246111970825925354403077112289658644176181953321417612733045191198843485187701430239457076091150350570336142314987431764682072136465538261044763263653665888162305840753078432905693864821034015507299025953286846832807/5000000000000000000000000000000000000000000000000000000000000000000000000000000000000000000000000000000000000000000000000000000000000000000000000000000000000000000000000000000000000000000000000000000000000000000000000000000000000000000000000000000000000000000000000000000000000000000000000000000000000000000000
0 0

0 0

0 0

