1                                                

-0.815149002408848335434432072751e-19 0.223035892403186382893125861069e-19
-0.417538418548269132726385818545e0 -0.553219472349896647767133468679e0
0.125695035322141131401530948716e0 -0.711811257215878506642803243400e-1
0.100000000000000000000000000000e1 0.000000000000000000000000000000e0
-0.272772503651130485527822689796e-1 0.206619146749865821054708928182e0
-0.882229158026612604064820452241e0 -0.434657915473292892452050223903e-1
0.779807504023666720354290578496e-1 0.204122232461011902870746840757e0
-0.140518663152073424075924929491e0 -0.408648921271557377880430890641e-1
0.100000000000000000000000000000e1 0.000000000000000000000000000000e0
0.175019288023449472783299981737e0 0.939114515114080565919342997787e0

