1                                                

-0.852555921606772859958e0 -0.421082225193817598189e0
-0.282039546543239721374e0 -0.476572986175769756559e0
0.354354148642655081286e0 -0.653863717455667586994e0
0.100000000000000000000e1 0.000000000000000000000e0
-0.222462717514136619951e0 0.111994383534588291647e0
-0.882229158026612603953e0 -0.434657915473292892996e-1
0.779807504023666720350e-1 0.204122232461011902856e0
-0.140518663152073424076e0 -0.408648921271557377908e-1
0.100000000000000000000e1 0.000000000000000000000e0
0.175019288023449472744e0 0.939114515114080565972e0

