1

0
0.100000000000000000000e1 0.000000000000000000000e0
0.512641526870933512135e-24 0.920104392782348265121e-24
0.115596181414556426593e0 -0.954931169589510353340e0
-0.766512786982996644252e-24 0.731002185451500372902e-24
0.278400571029849761820e-1 0.514225176788052157893e0
-0.270462968770978077495e0 0.679884136600317103406e0
0.134013639035633660469e-24 0.254803802037160948781e-24
-0.100877958014336040216e-24 -0.308259333352927598573e-24
-0.949784233755130202068e-1 0.720744154163445545607e0
0.100000000000000000000e1 0.000000000000000000000e0

