1                                                

0.647078073189614031324e-1 0.921181426613209505014e0
0.780201710397378975174e-24 -0.233187857720024748815e-23
0.100000000000000000000e1 0.000000000000000000000e0
-0.708585327905746665680e-24 -0.301927037701401379957e-23
-0.515009994109587188960e0 0.620948350008785785402e-1
0.411753628832536174974e0 -0.271074474726626402652e-1
0.121623466776187182692e-23 -0.470974904868734390478e-23
-0.552450283319617913224e-23 -0.885611276555320834900e-23
0.100000000000000000000e1 0.000000000000000000000e0
-0.549879348483727031685e0 -0.123224536683342909268e0

