1

0.100000000000000000000e1 0.000000000000000000000e0
0.204716573495775102778e0 -0.264949817015961057979e0
-0.172931063451625691464e0 0.882187377849934679550e0
-0.403588892382127043792e0 0.509202145147567865758e0
0.185621451948638506560e0 -0.931647576279992609578e-1
0.263658657790023483528e-1 0.936361614943214454546e0
0.184110937656127763131e0 0.271385334580139796510e0
-0.437450432549440350994e0 -0.667841137736052442467e-1
0.563074136726077613174e0 -0.556883827027743640156e0
0.100000000000000000000e1 0.000000000000000000000e0
