1                                                

-0.3090386129640363365110137753464928651997e-19 0.3498123498785196169568740020746456173543e-19
-0.4175384185482691330464903731578326521358e0 -0.5532194723498966476821787244603446988660e0
0.1256950353221411314920369396934030209883e0 -0.7118112572158785078162349093016421045474e-1
0.1000000000000000000000000000000000000000e1 0.0000000000000000000000000000000000000000e0
-0.2727725036511304840343660196282873120418e-1 0.2066191467498658210636627977846957313600e0
-0.2970151114165017281205960165368380792908e-19 0.1315838434776886269880287057974901926512e-18
-0.6729278469365936719471803892767988083277e0 0.2907475515201422080979137510009105406379e0
0.1276970726820114779531176650230351883969e0 -0.4430866639440685497833285162866579195918e0
0.1000000000000000000000000000000000000000e1 0.0000000000000000000000000000000000000000e0
0.4422676541246717940385993383650512468560e0 0.3884607942517093915651191047120442091672e0

