1                                                

0.329897084350597044367e0 0.566317496004594666745e0
-0.138644263529310088280e0 -0.419286841696963757366e-1
-0.654432555215166494866e0 0.661340361510716124509e0
0.100000000000000000000e1 0.000000000000000000000e0
0.317662818780953017241e0 0.130143119590799275718e0
0.100000000000000000000e1 0.000000000000000000000e0
-0.133080917350701226294e0 -0.347490039815173491441e0
0.133079683468980894409e0 -0.619903880055376389451e-1
0.626142300868358237377e0 -0.150957218390210214768e0
0.228896273097289772354e0 -0.644523802761019347040e-1

