6
0
0
52
5.559017743164301e-01 5.480813976501026e-02
4.959672875560543e-01 3.807846545389540e-01
5.559017743164301e-01 5.480813976501024e-02
1.800903760780244e-18 2.078493948624991e-17
4.959672875562929e-01 3.807846545392073e-01
-2.385130396138913e-13 -2.532846640214935e-13
4.859931319048905e-13
6.898766496392031e+01
5.429121374819586e-16
1.562500000000000e-03
2.605891280910329e-09
0.000000000000000e+00
1
1
-1

2 0
2 6
9648889103020256247389941999817863317472777207108078330353047741231403044138455713730923557186510916773259049761605204345353468737457066275973317365797931250866043013123065534164725470061922942191906949921611444660561414191905053498303818714857685735853558488821534674238948688159329858994118993485055933549563/10000000000000000000000000000000000000000000000000000000000000000000000000000000000000000000000000000000000000000000000000000000000000000000000000000000000000000000000000000000000000000000000000000000000000000000000000000000000000000000000000000000000000000000000000000000000000000000000000000000000000000000000 1982319464650824630639808810159030265172513222342712150349790638290243857135310325577722602477717328671559227675091633130893464405468313614705284799714310202756628351989884312548498897596773312658722553847699176280121896234466525947335100892246187581638994297333744012221548808480753107087632279093552034402001/25000000000000000000000000000000000000000000000000000000000000000000000000000000000000000000000000000000000000000000000000000000000000000000000000000000000000000000000000000000000000000000000000000000000000000000000000000000000000000000000000000000000000000000000000000000000000000000000000000000000000000000000
0 0
4083360799371773351239754099649886570819490362076782705138764487579351827262937999211828263470633882741923191037834884694600729222454816276318860696228085503789103597492613149484254839187840343664713264936552155599844574053897929615208118126820837947304496483570257194125514021942619020522663456043704566506889/5000000000000000000000000000000000000000000000000000000000000000000000000000000000000000000000000000000000000000000000000000000000000000000000000000000000000000000000000000000000000000000000000000000000000000000000000000000000000000000000000000000000000000000000000000000000000000000000000000000000000000000000 -2549426013522891481652076258065443466535571119240967782554348553336426268015295405973983975328415829462276584872415805241848069685185800260239811682601289187135513916046361238511326098775145602313339872535625032524725632558113183588880357227371697011018393534492393876147550584305653000561039292580499851297391/10000000000000000000000000000000000000000000000000000000000000000000000000000000000000000000000000000000000000000000000000000000000000000000000000000000000000000000000000000000000000000000000000000000000000000000000000000000000000000000000000000000000000000000000000000000000000000000000000000000000000000000000
-7715278823544828622141362492009038157943068271174577346117044813047973085488561081647667929545616283388227203487377956540356043888276388955542638769092775502258290909770722315530200196402750652904580527363932816062301525946440400759172266050388912552373680179738355651726040635474957365068252433366297726427111/10000000000000000000000000000000000000000000000000000000000000000000000000000000000000000000000000000000000000000000000000000000000000000000000000000000000000000000000000000000000000000000000000000000000000000000000000000000000000000000000000000000000000000000000000000000000000000000000000000000000000000000000 7893793382484541403253941119491786332117672518636945266843832009045929942662453815591075741790119424672576619780798446761134223056216377009875797286965557498921783748197950043091945904029425888085394841714790364615256100000818382709245585384594362709691771474450375034713589552816316306486795897145667590752639/10000000000000000000000000000000000000000000000000000000000000000000000000000000000000000000000000000000000000000000000000000000000000000000000000000000000000000000000000000000000000000000000000000000000000000000000000000000000000000000000000000000000000000000000000000000000000000000000000000000000000000000000
0 0
0 0
0 0
3928218106617762897558872748154423665372086288214334014475047412880697397110396270986834788454278094734079467640494006287847680284060233537777614213458173338491254158884508413549859323739322721038917611873746409244185232397488096122369608242858251503912862369825799906471558197625021327600684910162304798006307/10000000000000000000000000000000000000000000000000000000000000000000000000000000000000000000000000000000000000000000000000000000000000000000000000000000000000000000000000000000000000000000000000000000000000000000000000000000000000000000000000000000000000000000000000000000000000000000000000000000000000000000000 -5767188882778645168472151277275102570301836247531203592444967717010669090649687154638438398097360220507582930446342989405893818734076528180893869052220512187868421633541937651009182215912623207415032483320034283635826224167510665203035152224314961071289335443085259999337499356627556155736085650404437718896563/10000000000000000000000000000000000000000000000000000000000000000000000000000000000000000000000000000000000000000000000000000000000000000000000000000000000000000000000000000000000000000000000000000000000000000000000000000000000000000000000000000000000000000000000000000000000000000000000000000000000000000000000
0 0
0 0
875699977942574625101838239206725309317565341444860184205434402857179455370360426404909713996635101453154253180356881113490612288071636731542815221593868510388322291563798828931972212971235195210196504969287405506098991223615936014400971812278450813325814146413086213651017626689716139889143212746846194544257/1000000000000000000000000000000000000000000000000000000000000000000000000000000000000000000000000000000000000000000000000000000000000000000000000000000000000000000000000000000000000000000000000000000000000000000000000000000000000000000000000000000000000000000000000000000000000000000000000000000000000000000000 -1986017357295732800066950050668525734520531820116808677659095983526974039587857034886121151026072710669475791749865848732681507281866382144072383996881048207105940902462410433193703483005000379460254980991626764559566344783737378455510493404955941354690410773419928887605045182435207951261376014028272713363873/5000000000000000000000000000000000000000000000000000000000000000000000000000000000000000000000000000000000000000000000000000000000000000000000000000000000000000000000000000000000000000000000000000000000000000000000000000000000000000000000000000000000000000000000000000000000000000000000000000000000000000000000
1966526342717158271471660758560770000650829296646516475313686628853055005779772730043424570690309097341155632201965298745302190185511474621701182995410447560938553077554009034085643754675964001900698125749220367904508354396776509132674900696936803975458076996434187878492018657197431535836183460761215632244049/2500000000000000000000000000000000000000000000000000000000000000000000000000000000000000000000000000000000000000000000000000000000000000000000000000000000000000000000000000000000000000000000000000000000000000000000000000000000000000000000000000000000000000000000000000000000000000000000000000000000000000000000 -7778404282157688309423607347455002009737530945775774315973493557701097956330901495552462878917917805966294291896165408858730111455358428898788636981519270442562139645648994138238162655752290555684751485132514297574346223264551517970025939410371650490949419994942247279373629587753439248549261925785146104107029/10000000000000000000000000000000000000000000000000000000000000000000000000000000000000000000000000000000000000000000000000000000000000000000000000000000000000000000000000000000000000000000000000000000000000000000000000000000000000000000000000000000000000000000000000000000000000000000000000000000000000000000000

-1
-1045366972631369885372815788385359974679044465606164389842368146715850843583456680917883559519992290953715501833146193079597813037031182709217884905365353241460877290613763223838348240722738240083527696924824292617271551385267523633588873526544461572410727052544536332517950228162245704117793016774651897849071/1250000000000000000000000000000000000000000000000000000000000000000000000000000000000000000000000000000000000000000000000000000000000000000000000000000000000000000000000000000000000000000000000000000000000000000000000000000000000000000000000000000000000000000000000000000000000000000000000000000000000000000000 -95856078253463392177538226185070917437738435150884551402900274361749727242015223587186839257246161883804422115757215394246717990666863818530440435145436762591275221631473685508754019800838274831806704328537962789205554191476099614864321729053988148069091978936639757631860679264188193205480404279699407186167/500000000000000000000000000000000000000000000000000000000000000000000000000000000000000000000000000000000000000000000000000000000000000000000000000000000000000000000000000000000000000000000000000000000000000000000000000000000000000000000000000000000000000000000000000000000000000000000000000000000000000000000
0 0

0 0

0 0

