1                                                

0.212392159659493577186e0 0.844797211512267501272e-1
0.141319881069712012130e-38 -0.125618752706849586790e-39
-0.428119838320265458527e0 -0.304092926808186289725e0
-0.611023359392347943548e-39 0.104539492333836189410e-38
0.100000000000000000000e1 0.000000000000000000000e0
0.475004668242952138697e0 0.491800552800265016991e0
-0.159688560691428142653e-38 -0.188659999650096912111e-38
0.554699964591958435335e-39 0.120515234618622506470e-38
0.100000000000000000000e1 0.000000000000000000000e0
0.409486043633546725577e0 0.193304010572684545027e0

