1                                                

0.100000000000000000000e1 0.000000000000000000000e0
-0.782106296725558071937e-23 -0.414686907165647993328e-23
0.551112211025211568135e0 0.439578594496337454875e0
0.115386225509449650547e-22 -0.537448498679252452576e-23
0.513471489362770485429e0 0.733349188155493660459e0
0.475004668242952138833e0 0.491800552800265016883e0
0.911602125673413107742e-27 0.300808897048192035064e-25
-0.135320891610176364534e-25 -0.538090808150015181058e-26
0.100000000000000000000e1 0.000000000000000000000e0
0.409486043633546725469e0 0.193304010572684544986e0

