1

0
-0.6197687795199896543871542940664811385139e-19 -0.2727923215726955095870671350491354004100e-20
-0.4175384185482691328704237065793693840360e0 -0.5532194723498966478904755836979760711172e0
0.1256950353221411316495146196013492080339e0 -0.7118112572158785074673725543685102634416e-1
0.1000000000000000000000000000000000000000e1 0.0000000000000000000000000000000000000000e0
-0.2727725036511304857265101132148479912416e-1 0.2066191467498658211256076472824804645411e0
-0.1272929032440555828533019069356447761578e-18 -0.1747320862952018266864903856789915742335e-18
-0.2150211720383213718664807885405661021554e-18 0.1375682859503640968007528836510566870629e-18
0.1000000000000000000000000000000000000000e1 0.0000000000000000000000000000000000000000e0
0.2243712955643486251313277664240827919799e-18 0.1816400998318429053805274788815126707473e-18
-0.6584897149300662860211730107956928998760e0 0.1192553383589636378631069079557980270129e0

