1                                                

0.100000000000000000000e1 0.000000000000000000000e0
0.192725996544610764856e0 -0.265827429564486858823e0
0.829881256807639727840e-2 0.674129170539553898794e0
-0.784831778102211291494e0 0.413478076135742491384e0
0.809117469130281643172e-1 -0.856441357159655053264e-1
-0.800831315877244672753e0 -0.301209180697779415714e0
0.377219919662461876310e0 0.779732844018460011758e0
0.100000000000000000000e1 0.000000000000000000000e0
0.520743753628341389311e0 -0.705373611985766605574e0
-0.852097508013115403523e0 0.413696436450895499719e0

