1

0
0.108524630362227551781e0 0.386940175253623515407e-1
0.146445421563531405316e-75 0.462408522297804892412e-76
-0.407220862735787006616e0 -0.662869502569053963979e0
-0.288308397303518703691e-76 0.109038054583724913080e-75
0.100000000000000000000e1 0.000000000000000000000e0
0.149640803818831963844e0 -0.363375987917065700137e0
-0.143787373738783459226e-74 0.192262909153847127216e-75
-0.636830557853164393245e-75 -0.244415697356662473704e-74
0.100000000000000000000e1 0.000000000000000000000e0
-0.656166580068241468604e-1 0.449408468949939164563e0

