10
0
0
64
-0.189998592962725144356e0 -0.413306376980888456126e-1
-0.255098214935974120442e-75 -0.457739842673497798758e-76
0.824719820813809329819e0 0.102154918359768891981e1
0.247112499298855647665e-76 -0.188728194036429954424e-75
-0.167375312764640403257e1 0.215928817983307512371e0
-0.295711028472722065090e0 -0.253613047367683994930e-1
0.464693318915219685766e-75 0.992179148161195938542e-75
-0.161621767227334131761e-74 0.101322853810503168615e-74
-0.226858322804315674584e0 -0.720366164522228346083e0
0.338624340064727122497e0 -0.546840312628959014559e-1
1.80431935610102e-19
3.896949200652516e+02
2.03090628104294e-18
2.44140625000000e-5
4.96064131008249e-17
1.000000000000000e-01
1
1
-1

2 0
2 10
-859858197357693649423316836926171392085534823603993783194665401768986630247131139697112095282109824607236737219583039350052542208446526935738940580549894272762709101334347807811156280501461684018367699638564841260096831349921674531594636302212613649113450922901178832345997115455249008410176660500373715743509/2500000000000000000000000000000000000000000000000000000000000000000000000000000000000000000000000000000000000000000000000000000000000000000000000000000000000000000000000000000000000000000000000000000000000000000000000000000000000000000000000000000000000000000000000000000000000000000000000000000000000000000000 -2038658940512325424995364709614142985083972938236902001914952196603218610391851755573814378436402460525356498782488032041674615063707586999551168714901878156784498158409510370821225368240971413122285358665049143270835502852371470471569683574919690080085773286644982939918257835083844658216884676408009369313301/2500000000000000000000000000000000000000000000000000000000000000000000000000000000000000000000000000000000000000000000000000000000000000000000000000000000000000000000000000000000000000000000000000000000000000000000000000000000000000000000000000000000000000000000000000000000000000000000000000000000000000000000
2664838668207962146786002721996065978666538508248050199812446485236736714738737802215037798520798889723326566402440590894466442439903845036996268896889353742988332688015373984977369901927952323098138644010428611611905553996155171605354612626876997088941333100135635777028807175773838147402880752599442241216203/10000000000000000000000000000000000000000000000000000000000000000000000000000000000000000000000000000000000000000000000000000000000000000000000000000000000000000000000000000000000000000000000000000000000000000000000000000000000000000000000000000000000000000000000000000000000000000000000000000000000000000000000 3319076161559041218902196224105873243511947170864110136440577749109294052918166420391737558815764243334507579918440237370196906800888440916133066713921648622641034085366643532183714243227261175857551139189641932158046526152187250056247627373899541464718167987013120575452310239083549170203040989603483086920359/10000000000000000000000000000000000000000000000000000000000000000000000000000000000000000000000000000000000000000000000000000000000000000000000000000000000000000000000000000000000000000000000000000000000000000000000000000000000000000000000000000000000000000000000000000000000000000000000000000000000000000000000
1749012684109290558488165327268559658714519548491778396833493388337223900234144197072410848806704342212386472463688050166003787655084058007055623447860651918119702370354592213221683391107922423133470186354382245207831832755161598989969670949750145753352561339286596869988187173639805097814487305679816001852947/2500000000000000000000000000000000000000000000000000000000000000000000000000000000000000000000000000000000000000000000000000000000000000000000000000000000000000000000000000000000000000000000000000000000000000000000000000000000000000000000000000000000000000000000000000000000000000000000000000000000000000000000 2557804736432258952787695362414888455503293969559117874422942384880452287204641377660638679681580549346582275393559964508720276724920348891601793044378268686003253954752313741448178745256666331124995486660412701361361616998166012173342670774495540460790717459673163628916710220321592151197841576988964316822053/5000000000000000000000000000000000000000000000000000000000000000000000000000000000000000000000000000000000000000000000000000000000000000000000000000000000000000000000000000000000000000000000000000000000000000000000000000000000000000000000000000000000000000000000000000000000000000000000000000000000000000000000
-3077831118047156967653697913242006014122180974046686754719908914594051785199624925405933624819019053911406937876939051356561988758403782845707428238743016215785284073944834285049778503037192331020203198608038009366198883201705420129300672210188425823701744427341374964655390941754513997936650863717091286542477/5000000000000000000000000000000000000000000000000000000000000000000000000000000000000000000000000000000000000000000000000000000000000000000000000000000000000000000000000000000000000000000000000000000000000000000000000000000000000000000000000000000000000000000000000000000000000000000000000000000000000000000000 -3078056256560409993625348245544070536175252732228958803095363450784664775939748317340221776526293387623068252972413332257935013549980472275989385097535252739354449684627674337651558597058632448168303698216707301942056717255648117323624718383805013303340550144773072857968784753824362760437484445056843841627473/5000000000000000000000000000000000000000000000000000000000000000000000000000000000000000000000000000000000000000000000000000000000000000000000000000000000000000000000000000000000000000000000000000000000000000000000000000000000000000000000000000000000000000000000000000000000000000000000000000000000000000000000
-3180551988879399794729116041688022720242256861355030920598967686677037497550915153084291987665649335914381501647384874070069596542105918659324525210610090730179553384047570300864261480668477613578777184117238317790568969937463567779449635933137787873765970613408455525678159894286177566477342368408356687627047/5000000000000000000000000000000000000000000000000000000000000000000000000000000000000000000000000000000000000000000000000000000000000000000000000000000000000000000000000000000000000000000000000000000000000000000000000000000000000000000000000000000000000000000000000000000000000000000000000000000000000000000000 6980558758323256209078696333340119026007308293927457068848436517800104014986745906919940451186489530122936594196672755702444947386263885964479399858192996171964654015690563778364507702677490533028186986982116254014992123057204986296601757753852830380597397172290523047700669141905981133964208054123725385138883/10000000000000000000000000000000000000000000000000000000000000000000000000000000000000000000000000000000000000000000000000000000000000000000000000000000000000000000000000000000000000000000000000000000000000000000000000000000000000000000000000000000000000000000000000000000000000000000000000000000000000000000000
0 0
0 0
0 0
0 0
0 0
0 0
0 0
0 0
0 0
0 0
-9671440584788121317292797590514470984672008134494123782307053720808421843792982183236204955335649920703197106993319382278498058859202833428741573435288382402039267395604895949217991872191748463440474975623181716179172081233194966975091765333510006715038879517485001839352800155605312424635485987082855479278307/10000000000000000000000000000000000000000000000000000000000000000000000000000000000000000000000000000000000000000000000000000000000000000000000000000000000000000000000000000000000000000000000000000000000000000000000000000000000000000000000000000000000000000000000000000000000000000000000000000000000000000000000 3516177387096322962297371115888215200471194134154623897640531482267616805521246059891653276590294217949505247930744582523883791355816082148312832984062088741107158745201916908498103084930309962685188274307339615127747898069552690402327050391620089560997291321628917100427541517803428549009881048540538459814199/10000000000000000000000000000000000000000000000000000000000000000000000000000000000000000000000000000000000000000000000000000000000000000000000000000000000000000000000000000000000000000000000000000000000000000000000000000000000000000000000000000000000000000000000000000000000000000000000000000000000000000000000
274007594935605796103809419361445979882576320757475264360330830725693054857001589494866209175237520863008372859426588032236518040871773839846414729223356118611042753812154436867660192789053318703603663804582064252906269846427333073142694887522266121595409320684396230191430855334024354842060573480486938596219/400000000000000000000000000000000000000000000000000000000000000000000000000000000000000000000000000000000000000000000000000000000000000000000000000000000000000000000000000000000000000000000000000000000000000000000000000000000000000000000000000000000000000000000000000000000000000000000000000000000000000000000 2988282112745209319710066005630703527030915753486603203166780614494129991368931405923990104131785034784216027152840381423604890160609545841603235159946174245383899434510051216304121446195337847252343722793274502903778229517364262415474499300986413326084074983467736741627636148395624978246903742501222579798501/50000000000000000000000000000000000000000000000000000000000000000000000000000000000000000000000000000000000000000000000000000000000000000000000000000000000000000000000000000000000000000000000000000000000000000000000000000000000000000000000000000000000000000000000000000000000000000000000000000000000000000000000
-3760715321695717287726974566710347695319281782217772194116381578529504118251629104181314040394259018899986563318853353282842705126716505044807710618646341573960267598158354461096134323551130883406767939884610543931345669146084189184422558436604515262374476844217026401087637455220925295539055592856390832712811/10000000000000000000000000000000000000000000000000000000000000000000000000000000000000000000000000000000000000000000000000000000000000000000000000000000000000000000000000000000000000000000000000000000000000000000000000000000000000000000000000000000000000000000000000000000000000000000000000000000000000000000000 2830942187573302942286484520928777531355644206275967805163254545457796825023273161263933724256407348415489086766404554668430583329730007831948481447214372528527327132437850142492491411405962819698668237121648416852343589534422849391543716876408278845373112993432311304747331257795679166195951857434006884984543/5000000000000000000000000000000000000000000000000000000000000000000000000000000000000000000000000000000000000000000000000000000000000000000000000000000000000000000000000000000000000000000000000000000000000000000000000000000000000000000000000000000000000000000000000000000000000000000000000000000000000000000000
-1727462565053810943445493015902093334777483400845284071124730313328674440965512903995228023163035138613485590749364371070476178386402578977451767103725888750475956474479532206117353001209940276834148271681691948236034611257882173279753868068314259158897320705459342981931793716607010622673569471124468342223399/5000000000000000000000000000000000000000000000000000000000000000000000000000000000000000000000000000000000000000000000000000000000000000000000000000000000000000000000000000000000000000000000000000000000000000000000000000000000000000000000000000000000000000000000000000000000000000000000000000000000000000000000 830871202872377315356258893910287293288702623691554978482151130662618747621036483114587344960292622569477328503245734350471638112018829543704910251383376269222892991143806711168363519825844407750555750668615498493757098935042566445387045500958544543091035640087898198037173349908266155399016502439640306151791/2000000000000000000000000000000000000000000000000000000000000000000000000000000000000000000000000000000000000000000000000000000000000000000000000000000000000000000000000000000000000000000000000000000000000000000000000000000000000000000000000000000000000000000000000000000000000000000000000000000000000000000000
9773507173417181300025912600686560374818896934548102059400687090401499043958754730672851041990689446165749546742601065273010992158812965016683198738304684166845943947956631725294061388318419141935755846812151474779109292496905648498749601800178025523787156931505835583294424342531624486905834838596798360761501/10000000000000000000000000000000000000000000000000000000000000000000000000000000000000000000000000000000000000000000000000000000000000000000000000000000000000000000000000000000000000000000000000000000000000000000000000000000000000000000000000000000000000000000000000000000000000000000000000000000000000000000000 -6420509392788110059803058716230505344826179188497478423941578832431870584741709626996810367809461620928412020455876146503106945643611172523183913193709610149666602528174648474477869684657767456878931645739699785549231464008092450609957119995231356601648119038181801617215888506328207849656386875489267173226351/100000000000000000000000000000000000000000000000000000000000000000000000000000000000000000000000000000000000000000000000000000000000000000000000000000000000000000000000000000000000000000000000000000000000000000000000000000000000000000000000000000000000000000000000000000000000000000000000000000000000000000000000

-1
-2521904367583921557050445563281076113181908882048489828646900605656682363896793307829691706829963019990399277671400585374260882428335220540102842962139558729730000519648045457742585094322099397059618772587076272495026831810755277727567531051773182890717772120429092710936274967931673442641788116908349854092773/5000000000000000000000000000000000000000000000000000000000000000000000000000000000000000000000000000000000000000000000000000000000000000000000000000000000000000000000000000000000000000000000000000000000000000000000000000000000000000000000000000000000000000000000000000000000000000000000000000000000000000000000 -64544815080778873349466135308717947420869099361285620170613329691140244372466746227779546718317854633727190717067573170188186501048806589091857054112344655964618972676639934413584175836395375626233148138885999019543568177448550952279124332215519048517840167578362774963704789637861102004696474103928219499023/100000000000000000000000000000000000000000000000000000000000000000000000000000000000000000000000000000000000000000000000000000000000000000000000000000000000000000000000000000000000000000000000000000000000000000000000000000000000000000000000000000000000000000000000000000000000000000000000000000000000000000000
0 0

0 0

0 0

