1                                                

0.100000000000000000000e1 0.000000000000000000000e0
0.625854241468244916658e-23 0.215782550950439833931e-23
-0.335537131875229344401e0 -0.635198146634181865552e0
-0.799775967017316137700e-23 0.542978887440951116227e-23
-0.248296433560271901950e0 -0.368653278996968852843e0
0.149640803818831964292e0 -0.363375987917065700191e0
-0.339764625689354525059e-25 -0.877810636597714613390e-25
0.115943960066296373427e-25 0.441880767222617543760e-25
0.100000000000000000000e1 0.000000000000000000000e0
-0.656166580068241469349e-1 0.449408468949939164238e0

