
0.919370181233704122752e0 -0.163139239568129884437e0
0.100000000000000000000e1 0.000000000000000000000e0
0.648327954888400682754e-24 0.227146153164194262128e-22
0.730711111582224341295e-1 0.729413823231372012866e0
-0.431890348693228221683e-22 0.437147717588698760899e-22
0.100000000000000000000e1 0.000000000000000000000e0
0.272717673605571044124e0 0.190924370576917017101e0
0.433152167090047564453e0 0.625745550539594059961e0
-0.179835347247875788760e-22 -0.454262935948796474922e-22
-0.947205248111831665871e-22 0.366420542818954578584e-22
