
0.559546115360241858689e0 -0.429076713738740608421e0
0.100000000000000000000e1 0.000000000000000000000e0
-0.551213363100886920604e-1 0.333777829971084073182e0
0.730711111582224341160e-1 0.729413823231372012974e0
-0.255864391886711592167e0 0.621559155121419080723e-1
0.820678617073217932780e-1 0.923307888236994300216e0
-0.150141042234026097805e0 0.527388834614807352683e0
0.100000000000000000000e1 0.000000000000000000000e0
-0.922126563448587878910e-1 -0.190542496976512635106e0
0.231557245531597692250e0 0.277275486780652471639e0
