
0.100000000000000000000e1 0.000000000000000000000e0
-0.785963694168474212419e-401 -0.331393842255354802444e-401
0.623014879859848717174e0 0.619004238725102185251e0
0.121348513437932286726e-400 -0.814876772325816314077e-401
-0.253668589395667285868e0 0.634747521072045835157e0
0.338040243370516727911e0 -0.587271733159366668940e0
-0.377815084867392279744e-402 -0.584073365831064120534e-402
-0.987602539148117096714e-402 -0.438111553931176978125e-402
-0.230586006177140225519e0 0.716907745472188031243e0
0.100000000000000000000e1 0.000000000000000000000e0
