
-0.887172969212977626863e0 0.335596366332833144519e0
0.216311803196433757863e-22 -0.703347392981151669080e-23
0.100000000000000000000e1 0.000000000000000000000e0
0.628395462137571277377e-23 0.119343168378025931284e-22
0.304509142640882403988e0 0.716283166699294364876e0
0.100000000000000000000e1 0.000000000000000000000e0
-0.831940336997400269566e-23 -0.644017079290726008455e-23
-0.178944674582421789231e-23 -0.758670838500226138833e-23
-0.582312502733332732060e0 -0.608759302052977230215e0
-0.432847519382207416509e0 -0.128960918524020360374e0
