
-0.576001788480197018569e0 0.497495344652134176370e0
0.259819895148072300630e0 0.832748198211952233617e0
0.100000000000000000000e1 0.000000000000000000000e0
-0.588432718607333981123e0 0.250366059229884630117e0
0.304509142640882404069e0 0.716283166699294364984e0
-0.612593847083447637088e0 0.708981163330756967013e0
-0.300864137836414705611e0 -0.331878224149410557106e0
-0.431875237916882535915e0 0.693428287004647933860e0
-0.568467544001485009734e0 -0.142169518033961379065e0
0.100000000000000000000e1 0.000000000000000000000e0
