
0.487266707014569064928e0 -0.680224385512416175592e0
0.508662159591359851391e0 0.315418044314434493236e0
0.100000000000000000000e1 0.000000000000000000000e0
-0.192901772414072250267e0 0.394073157538069267290e0
0.304509142640882404015e0 0.716283166699294365038e0
0.100000000000000000000e1 0.000000000000000000000e0
-0.103632212169343628815e0 -0.279791286384716337394e0
0.439000846875890642475e0 -0.321478661915057732851e0
-0.130091965504653921150e0 -0.553783503696753700066e0
-0.444666967173670604128e0 -0.862961167202129870155e0
