
-0.261279237456563450493e0 0.596188790795294583586e0
0.100000000000000000000e1 0.000000000000000000000e0
0.141235572549053425833e-21 -0.703656697416314004722e-21
0.730711111582224341295e-1 0.729413823231372013029e0
-0.648609045359143907050e-21 0.624850565829243368850e-21
0.579450856812875932241e-1 -0.941150458558279838354e0
0.100000000000000000000e1 0.000000000000000000000e0
0.343992683581392387515e0 -0.723055217359065141786e-1
-0.184638011246280847056e-21 -0.649460080981466220402e-21
-0.291093772588576190919e-21 0.144108814983217990371e-21
