
0.559546115360241858689e0 -0.429076713738740608340e0
0.100000000000000000000e1 0.000000000000000000000e0
0.551213363100886919520e-1 -0.333777829971084073453e0
0.730711111582224341024e-1 0.729413823231372012920e0
0.255864391886711592302e0 -0.621559155121419082044e-1
0.820678617073217930205e-1 0.923307888236994300216e0
-0.150141042234026098143e0 0.527388834614807352574e0
0.100000000000000000000e1 0.000000000000000000000e0
0.922126563448587879384e-1 0.190542496976512635269e0
-0.231557245531597692589e0 -0.277275486780652471747e0
