
0.100000000000000000000e1 0.000000000000000000000e0
-0.726740419519623137069e0 -0.628908780091512790013e0
-0.855025199775289386310e0 -0.736096234901756730980e-1
0.405631027772436937373e0 -0.576049571277028528860e0
-0.207637656306836773445e0 -0.634854961041852626372e0
0.100000000000000000000e1 0.000000000000000000000e0
-0.365195869761936467939e0 -0.165357805351405599158e0
0.107678695318324211707e0 -0.723115159580442112418e0
-0.362936073269081985881e0 -0.187452172601037681982e0
-0.678478159304808893992e0 -0.160067642658357344373e0
