
0.576001788480197018569e0 -0.497495344652134176397e0
0.259819895148072300657e0 0.832748198211952233726e0
0.100000000000000000000e1 0.000000000000000000000e0
-0.588432718607333981285e0 0.250366059229884630171e0
0.304509142640882404069e0 0.716283166699294365038e0
0.612593847083447636762e0 -0.708981163330756966904e0
-0.300864137836414705638e0 -0.331878224149410556889e0
-0.431875237916882535861e0 0.693428287004647933914e0
-0.568467544001485009626e0 -0.142169518033961378808e0
0.100000000000000000000e1 0.000000000000000000000e0
