
-0.423489485529207878531e0 0.740577933328686033516e0
0.541170057411408753366e-24 -0.161752792853010355341e-23
0.100000000000000000000e1 0.000000000000000000000e0
0.758684448693754691022e-24 0.328889207371673025721e-24
0.304509142640882404015e0 0.716283166699294365038e0
0.189981296527212122641e0 -0.969268622075754260662e0
-0.796778029774572771733e-24 -0.549878055986797263458e-24
0.131334740925754299172e-23 -0.991768270343176400554e-24
0.590021178359550613603e0 -0.216858404880687458005e0
0.100000000000000000000e1 0.000000000000000000000e0
