
0.591010493551738547353e0 -0.466461485235844751146e0
0.100000000000000000000e1 0.000000000000000000000e0
0.683798912990558930548e-21 -0.508154834128978375729e-21
0.730711111582224341431e-1 0.729413823231372013029e0
0.470884448410813895729e-21 0.375881999882266673795e-21
0.199575431498404397935e0 0.923356332540340194544e0
-0.714503715876956818761e-1 0.663877981697515232842e0
0.100000000000000000000e1 0.000000000000000000000e0
-0.941606394349323178987e-21 0.884319001493939167704e-21
0.111356744573082522903e-20 -0.145258082198498323208e-20
