
0.261279237456563450439e0 -0.596188790795294583586e0
0.100000000000000000000e1 0.000000000000000000000e0
0.203905670173002231435e-23 -0.144315873746099683664e-24
0.730711111582224341295e-1 0.729413823231372012920e0
0.367961119669957293143e-23 0.334628912715139180466e-23
-0.579450856812875931970e-1 0.941150458558279838517e0
0.100000000000000000000e1 0.000000000000000000000e0
0.343992683581392387515e0 -0.723055217359065141922e-1
-0.533988851724239128797e-22 0.408534907299970229950e-22
0.212996464496939279709e-22 0.220336114701838509477e-22
