
-0.559546115360241858743e0 0.429076713738740608231e0
0.100000000000000000000e1 0.000000000000000000000e0
-0.551213363100886919452e-1 0.333777829971084073426e0
0.730711111582224340753e-1 0.729413823231372012974e0
-0.255864391886711592275e0 0.621559155121419082247e-1
-0.820678617073217930272e-1 -0.923307888236994300270e0
-0.150141042234026098143e0 0.527388834614807352574e0
0.100000000000000000000e1 0.000000000000000000000e0
-0.922126563448587879316e-1 -0.190542496976512635228e0
0.231557245531597692643e0 0.277275486780652471747e0
