1

0
0.100000000000000000000e1 0.000000000000000000000e0
-0.548708266588814332152e0 -0.305975600924852215946e0
0.475233974436462987918e0 0.413139052600433525654e0
0.183088110144766180227e0 -0.422593371718089750515e0
0.949817239339930087519e-1 0.959396985505806032578e-1
0.100000000000000000000e1 0.000000000000000000000e0
-0.266679295429141186333e0 -0.192139886159971290494e0
-0.119876324362488726296e-1 -0.357237433383533033220e0
0.231864404737219860717e0 0.410269896559383217389e0
0.435751340741086153464e0 0.200261466540530435769e0

