10
0
0
64
-0.184821241831329042770e0 0.714497741634270214868e0
0.320031819090056248789e0 -0.335500026760744588628e0
-0.383020253379716895460e0 0.263196728732100413512e0
0.268103437840679965801e0 0.208920272969147746735e0
-0.861033381162235640779e-1 0.501325330203260501866e-1
-0.877314889744005898327e0 -0.134316033374528348749e1
-0.241129569539816382571e-1 0.526760234493423386607e0
-0.469310221820635357318e0 0.329511031865193756535e0
0.347640156510750494850e0 -0.671366960315775709975e0
-0.113307881223169961829e0 -0.760976282697730409114e0
2.16840434497101e-19
8.362909945510272e+01
9.82698358512692e-19
2.44140625000000e-5
4.38532639371947e-18
1.000000000000000e-01
1
1
-1

2 0
2 10
3707744494706074628338307447760053537573892106611576788713457996199490739460022750263039339276533651767148785415812446677527783710122876380586168736235676085788390601008688425782635307076957275761953544340493964159070120645143894014165608361637543134266877890121682169909139801731952251839272378785513218492049/5000000000000000000000000000000000000000000000000000000000000000000000000000000000000000000000000000000000000000000000000000000000000000000000000000000000000000000000000000000000000000000000000000000000000000000000000000000000000000000000000000000000000000000000000000000000000000000000000000000000000000000000 -275374083499512576456334436141685085079720533107737752790396516627997130370964217446230781342656807840978124842844113255164117953394398867611400015199678282753852495896984553742428174168450983351928133026771186832429626043703297088587410414866072235145320323311557940102127566303808062487286055025132868128971/400000000000000000000000000000000000000000000000000000000000000000000000000000000000000000000000000000000000000000000000000000000000000000000000000000000000000000000000000000000000000000000000000000000000000000000000000000000000000000000000000000000000000000000000000000000000000000000000000000000000000000000
2123475968558204638497630647512710221661443152774161583460543048120374721508289424949247604674956848390030945608323224374948969796209190925785392499550965106197281637040608917745402405360774313768680911566649709501165235487304869548610090659900860829857207958683994302987068354650548284598806831379963336712019/2500000000000000000000000000000000000000000000000000000000000000000000000000000000000000000000000000000000000000000000000000000000000000000000000000000000000000000000000000000000000000000000000000000000000000000000000000000000000000000000000000000000000000000000000000000000000000000000000000000000000000000000 147209040946515496159764734277844084785985629853256676030772929404650292279432176418122364502823970974954639089119933330219675894189959228080861388794298349574304408305213523194043647215788559140837205477119261520730708168184733029203923683764819239939283173880247745196020795040693497242231404297801877960313/312500000000000000000000000000000000000000000000000000000000000000000000000000000000000000000000000000000000000000000000000000000000000000000000000000000000000000000000000000000000000000000000000000000000000000000000000000000000000000000000000000000000000000000000000000000000000000000000000000000000000000000
-27378142178488051758002248886787061166275889344898925228945493262854213338448535784270427650443254306819293581795809497229348641868516784060339366460966134680958491704763239612132728477734528948194616344516384677512729102188615535106323956021770872642734870946833068660177058361636715148692237202029049367897/156250000000000000000000000000000000000000000000000000000000000000000000000000000000000000000000000000000000000000000000000000000000000000000000000000000000000000000000000000000000000000000000000000000000000000000000000000000000000000000000000000000000000000000000000000000000000000000000000000000000000000000 9189808759336786443309194000531109208139924221752363251058966182244470627194168342695235139290638434743440528411937649460619617826342382368087603206145179458813883802582769088405677592671539278032921021263679575477532443877672804116586134457041963336188820005199655599764315562548434997874633985019749235654121/10000000000000000000000000000000000000000000000000000000000000000000000000000000000000000000000000000000000000000000000000000000000000000000000000000000000000000000000000000000000000000000000000000000000000000000000000000000000000000000000000000000000000000000000000000000000000000000000000000000000000000000000
1644874253026164343912050136648062267765230548767453137443750381090177010005226463914127912570209819780853911479233223035853320817417966894850220025799681179483840929674273918967648473928819070466181297177347032814298258354219399221515479227109433728358077577439442949373431166569025946572671862356186761136683/2000000000000000000000000000000000000000000000000000000000000000000000000000000000000000000000000000000000000000000000000000000000000000000000000000000000000000000000000000000000000000000000000000000000000000000000000000000000000000000000000000000000000000000000000000000000000000000000000000000000000000000000 -733552159185750672668219278633402105428052614005743135703106519719115678824405104832225113316568259569826549869862613800196382714510329197739412744603669437744658819251067947510610413282069817908989137390085880954981307388142258504237358632886837784388704555010936429073121875566259340818254747920894438629581/1000000000000000000000000000000000000000000000000000000000000000000000000000000000000000000000000000000000000000000000000000000000000000000000000000000000000000000000000000000000000000000000000000000000000000000000000000000000000000000000000000000000000000000000000000000000000000000000000000000000000000000000
-1291874835563467994845225574536422640818731868300857160511738887540741545959165280348030870113798362270420650954747556859508818955994171539026863171289000538528145415956767410887844350162766456458436122475070624275080211460345908908974012731453984134031593923371903399343771944908424527546019316735721446797787/2000000000000000000000000000000000000000000000000000000000000000000000000000000000000000000000000000000000000000000000000000000000000000000000000000000000000000000000000000000000000000000000000000000000000000000000000000000000000000000000000000000000000000000000000000000000000000000000000000000000000000000000 3921266069499748847204778642120479583711785587853975542422263197011837856983124325938609658983670018813219221335884269905764864143972866789888680698252658505662503469492468406150037864076427542531626791148162955777396252479381675450441562512371378598067942915942916927919424352634220856687946079810140047322131/5000000000000000000000000000000000000000000000000000000000000000000000000000000000000000000000000000000000000000000000000000000000000000000000000000000000000000000000000000000000000000000000000000000000000000000000000000000000000000000000000000000000000000000000000000000000000000000000000000000000000000000000
0 0
0 0
0 0
0 0
0 0
0 0
0 0
0 0
0 0
0 0
-2596595487625369930791354509988696187042065637580897714785705229839120871162995705949410100372355629591370637009166717091237771215775573174018550590638838030741835477844544376841626685950267683653485299469968452008342792985043892602064926722063800449218598898035893806506468393649319216438463160795904360752531/5000000000000000000000000000000000000000000000000000000000000000000000000000000000000000000000000000000000000000000000000000000000000000000000000000000000000000000000000000000000000000000000000000000000000000000000000000000000000000000000000000000000000000000000000000000000000000000000000000000000000000000000 6818706796725956777633686985172144977306753086218812439021086790742430549660951314162782621548751361595836462663986138125081417988456450381404599527728658377816246591784893410196060819730276342367198188192609043852549816483512510096452733039890465623740346383027067394422069740402236965155726734399025339261363/10000000000000000000000000000000000000000000000000000000000000000000000000000000000000000000000000000000000000000000000000000000000000000000000000000000000000000000000000000000000000000000000000000000000000000000000000000000000000000000000000000000000000000000000000000000000000000000000000000000000000000000000
296313095955736978565224972783337998970017515973973465416217089464953654853164562722042759163216656601077665200945758819703493261184292164876995420841735822698565363753297184571358233928838977227670323515961973486224149521285141228310186163814742868528051752925184402820277691245094293352956727525719001895391/2500000000000000000000000000000000000000000000000000000000000000000000000000000000000000000000000000000000000000000000000000000000000000000000000000000000000000000000000000000000000000000000000000000000000000000000000000000000000000000000000000000000000000000000000000000000000000000000000000000000000000000000 9039853562006531474169079819694775624179238429382522632058650610621562097131215656913408938595244204260450314281172409996651148095068582955437851810907269531694919211187417496928015320755823216863097383938945261384065724484740330312315979750790973569060200632152318884408471523752814865025177854711483535394721/10000000000000000000000000000000000000000000000000000000000000000000000000000000000000000000000000000000000000000000000000000000000000000000000000000000000000000000000000000000000000000000000000000000000000000000000000000000000000000000000000000000000000000000000000000000000000000000000000000000000000000000000
-4533225717733613435210390435629283059519622268599542543227511876936549318766099965173808671317944720152979828034586237837962171213463046653257812216911641232438610827687201732891073764342218395178352173169208019261860655028050230998475229322811738895920455784214672780141112893544653069896040798226318629766107/10000000000000000000000000000000000000000000000000000000000000000000000000000000000000000000000000000000000000000000000000000000000000000000000000000000000000000000000000000000000000000000000000000000000000000000000000000000000000000000000000000000000000000000000000000000000000000000000000000000000000000000000 207983107993808704639676666045241019372845158094856620764295383938242545524039837519205411844432192316388631716011762759411210558497670418367722689201064585360580191164431153011117303602672313333153980903460085612134754014604523455269089745483985062775727040380470693573972262881680041516012433765186347063331/250000000000000000000000000000000000000000000000000000000000000000000000000000000000000000000000000000000000000000000000000000000000000000000000000000000000000000000000000000000000000000000000000000000000000000000000000000000000000000000000000000000000000000000000000000000000000000000000000000000000000000000
-299052272505635256335266538085648195106545219047611470950763294942975786183908790854961722908828389412651079473492204756844986859284547540314958596245679736661501986184804944688276553217542555247828518996010916903789798391526803597314964899123906642525535658688676906307048444508783080066719618667592653871051/400000000000000000000000000000000000000000000000000000000000000000000000000000000000000000000000000000000000000000000000000000000000000000000000000000000000000000000000000000000000000000000000000000000000000000000000000000000000000000000000000000000000000000000000000000000000000000000000000000000000000000000 -21891357391963148875924541824579519801281632705118102390890762515838979746925258288899281441835009819875983718900020027060060760611216669169178000210437131968841805964079733851426437490771264567820171035397431596881336666632528686858497883782335564750139293004875349047561270145630470844382243177110422345423/125000000000000000000000000000000000000000000000000000000000000000000000000000000000000000000000000000000000000000000000000000000000000000000000000000000000000000000000000000000000000000000000000000000000000000000000000000000000000000000000000000000000000000000000000000000000000000000000000000000000000000000
-2582172370700649521102721302281993832527167594439545918001074694030261799827226272136026567673570482485371165174780022479773333465107732657103050720557351802893257169289337432795184318583532799712272720923578188609176108220568035574884787345593976652518276759642049746642491825155518528815668987553827477607097/50000000000000000000000000000000000000000000000000000000000000000000000000000000000000000000000000000000000000000000000000000000000000000000000000000000000000000000000000000000000000000000000000000000000000000000000000000000000000000000000000000000000000000000000000000000000000000000000000000000000000000000000 7103866774690795486248197490057400790230590655940216685162066043847337238228194033221273529782812223348942978557903005093407563157750235631119598419463556622411110290162220424270037101243358350231940635257780713351725388990607601046447341877619399981430536780803152834253149128131216492164122283894608826331081/10000000000000000000000000000000000000000000000000000000000000000000000000000000000000000000000000000000000000000000000000000000000000000000000000000000000000000000000000000000000000000000000000000000000000000000000000000000000000000000000000000000000000000000000000000000000000000000000000000000000000000000000

-1
91574279525625523888946217989203699062901885534246303285990364569717429043880268909758958832424582795868042928894360757994551794833547971375649988789962611669517447872326632141007256992730319606560534355770354361195544212111854714451145650417986242204239921477779593981388126028018762070891570573737126173977/100000000000000000000000000000000000000000000000000000000000000000000000000000000000000000000000000000000000000000000000000000000000000000000000000000000000000000000000000000000000000000000000000000000000000000000000000000000000000000000000000000000000000000000000000000000000000000000000000000000000000000000 4626785205300231927246765233132371898103663247500475979209082577054881466294924166813757975937141033130070348230424227515833143384718684353406396100879143502437403529675779099875990212859263742814740220147930570199674387001255447532381838415814871364983192627989988554597589552990748175824139269878873390363321/10000000000000000000000000000000000000000000000000000000000000000000000000000000000000000000000000000000000000000000000000000000000000000000000000000000000000000000000000000000000000000000000000000000000000000000000000000000000000000000000000000000000000000000000000000000000000000000000000000000000000000000000
0 0

0 0

0 0

