1                                                

0.100000000000000000000e1 0.000000000000000000000e0
0.360905012146330868945e0 0.456171992055073008865e0
0.424139709415351202112e0 0.523325652960333471487e0
-0.306366426515857701328e0 0.296582099071743954602e0
0.730952254024850091194e-1 -0.109262349155566477476e0
0.100000000000000000000e1 0.000000000000000000000e0
0.201679683720159872641e0 0.294667213145560499815e0
-0.172290794712412239400e0 0.262875071674229255248e0
0.334714790712448991505e0 0.485731967974050506126e0
0.398454020045031346068e0 0.278063389539513896990e0

