1                                                

-0.1966693707162941628110295760203857035131e-19 0.8251824635044842019914970440377055419411e-19
-0.6792037762659030732132976590479327406087e-19 0.2095683193686532324535320658894822548938e-19
-0.4175384185482691328363357829842920387374e0 -0.5532194723498966479209079405073276844842e0
-0.2024922180328733499359201254761188884270e-19 -0.4801072337539694110097593520262044766391e-19
0.1000000000000000000000000000000000000000e1 0.0000000000000000000000000000000000000000e0
0.5457747243058753058638873932704998178989e-19 0.8663577380969675688380231107609282918811e-23
-0.3973961975392908807091659394661000308194e0 0.5639995524151402479029040480886955475928e0
-0.3337509073859148456226794144654472385670e0 -0.7087055054909165486095517457727212311687e0
0.8028056031145660425455754234816828720166e0 -0.4912648368883423830394705862079464036379e0
0.1000000000000000000000000000000000000000e1 0.0000000000000000000000000000000000000000e0

