1                                                

0.706287278895893698883e0 -0.501146082988109220458e0
0.100000000000000000000e1 0.000000000000000000000e0
0.490930197300876096193e-1 -0.629537263099851760226e-1
0.730711111582224340618e-1 0.729413823231372012974e0
-0.524149652105641695337e0 -0.412260988570116115653e0
0.100000000000000000000e1 0.000000000000000000000e0
0.208840459633026125446e0 0.636231684880447608671e0
-0.351922772287425915340e0 -0.628310260315561474882e0
0.463098695988030952957e0 -0.448735556845976047018e-1
0.119342852800027996189e0 0.452774531259968941846e0

