1

-0.351271181950313521173e0 0.669276560343312124622e0
0.100000000000000000000e1 0.000000000000000000000e0
-0.363364915267490686278e0 0.690778599235425832896e0
0.730711111582224341024e-1 0.729413823231372013029e0
-0.124074733691694779446e0 -0.238338699918094954985e0
0.100000000000000000000e1 0.000000000000000000000e0
-0.143136497037628471695e0 -0.956369868503000260241e0
0.294244890383857258441e0 0.213769751049433133394e0
0.678105497894616203697e0 0.334417308284830714228e0
0.795260342109674772421e-1 0.253941939119464515744e0
