1                                                

-0.351271181950313521119e0 0.669276560343312124568e0
0.100000000000000000000e1 0.000000000000000000000e0
0.183747793268926269290e0 0.870591539155193382918e0
0.730711111582224341295e-1 0.729413823231372012866e0
-0.806679525545112850987e0 0.235431650462304690964e0
0.100000000000000000000e1 0.000000000000000000000e0
-0.143136497037628471736e0 -0.956369868503000260403e0
0.294244890383857258414e0 0.213769751049433133407e0
0.678105497894616203805e0 0.334417308284830714282e0
0.795260342109674772692e-1 0.253941939119464515771e0

