
-0.566747460702224689063e-1 -0.337492534308599806414e0
0.100000000000000000000e1 0.000000000000000000000e0
0.720255743216296575628e0 -0.206021444459668779805e0
0.730711111582224340753e-1 0.729413823231372012920e0
-0.334809728401392900550e0 -0.159353759175542550563e0
-0.362465373993766942263e0 -0.239392789149983102107e0
-0.636099580225207018972e-1 0.254329609281286526637e-1
0.100000000000000000000e1 0.000000000000000000000e0
-0.470365486204706150749e-1 0.558389828287598643796e-1
-0.441062952188448984670e0 -0.894468579263663341123e0
