
0.252521125959512885524e0 -0.821567621504226013745e0
0.100000000000000000000e1 0.000000000000000000000e0
0.688890479533337523037e0 0.233927175526403074868e0
0.730711111582224340957e-1 0.729413823231372012974e0
-0.127346911777366005985e0 -0.324815213413899558600e0
0.100000000000000000000e1 0.000000000000000000000e0
0.595500319293830193159e-1 -0.478445779563972949116e0
0.332107072647988379256e0 -0.669092191857298716046e0
0.136970375679323919753e0 -0.498907737181646496237e0
-0.602928256029646414101e0 -0.446214849685344319371e0
