
0.387923690575285961467e0 0.224476946044722964208e0
0.100000000000000000000e1 0.000000000000000000000e0
0.374637715664298552522e0 -0.718530086903924561034e0
0.730711111582224341024e-1 0.729413823231372012920e0
-0.310354043527481184180e0 0.236296660847390864674e0
0.231197716783189516400e-1 0.613032931281203204393e0
0.238339167975088562595e0 0.920317894484966861812e0
0.315535322375716207251e-1 0.989167936598753703452e-1
0.100000000000000000000e1 0.000000000000000000000e0
-0.236012248635540644175e-2 -0.102173066182988089974e0
