
0.765411102327437555134e-1 0.248109307528317580820e0
0.100000000000000000000e1 0.000000000000000000000e0
0.415855582572537203751e0 -0.552442493500640593616e0
0.730711111582224340618e-1 0.729413823231372012920e0
-0.364015279748549583919e0 0.116558198643326564018e0
-0.211679041529360717323e0 -0.307276904972264900383e0
0.100000000000000000000e1 0.000000000000000000000e0
-0.123960719265544287912e-1 -0.400599114347207782947e-1
0.362428001549143574266e0 -0.893054165974759597097e0
-0.444166472206279291426e-2 0.375585082498954158677e-1
