
-0.988673377422085314245e-1 0.633885573370251750500e0
-0.577825617075526425917e0 -0.391025329070583691068e0
0.100000000000000000000e1 0.000000000000000000000e0
0.242996920362285541965e0 -0.450046647798283613303e0
-0.444363374626790945041e0 0.787849815463817570538e-1
-0.554849760594859493486e-1 -0.970213548107995413185e0
-0.483313260397664279426e0 -0.454304214156116043096e0
0.228843388512098508766e0 0.319994152717531587604e0
0.100000000000000000000e1 0.000000000000000000000e0
-0.125333373449258267504e0 0.540662182260878627514e0
