
0.342306574287235914998e0 -0.626041534903807353712e0
0.100000000000000000000e1 0.000000000000000000000e0
-0.374936931551113802554e0 -0.327084408916271827494e0
0.730711111582224340753e-1 0.729413823231372012920e0
0.150169272881434435999e0 0.302743837674659139246e-1
0.100000000000000000000e1 0.000000000000000000000e0
-0.137338073649558043413e0 -0.917824326996249407150e0
-0.141451181460102383598e-1 -0.399549840663388124834e0
-0.266708987660132908800e0 0.412141411395109625020e0
0.148812675986902628411e0 0.130461887923888440077e0
