
0.100000000000000000000e1 0.000000000000000000000e0
0.477350992570410350368e0 0.625783981503994561960e0
-0.485091785060747150585e-1 -0.801231487371878227139e0
-0.421574919026178596750e0 0.393913143387586668696e0
0.922570384946844735112e-1 0.359966467190447022336e0
-0.433315222125966451896e0 0.144964030072473349208e0
-0.460668295330498142869e0 -0.789578461600103084415e0
0.100000000000000000000e1 0.000000000000000000000e0
0.987929131182564548906e-1 0.965422684800235303393e0
-0.439662945944508977723e0 0.890851947783558958407e0
