
0.561256900385666194760e0 -0.416960683178221066652e0
0.100000000000000000000e1 0.000000000000000000000e0
0.226986325339800523347e0 -0.231307797960854473669e0
0.730711111582224340482e-1 0.729413823231372013029e0
-0.494863386353588045237e-1 0.131460074509255939304e-1
0.542348936289002743884e-1 0.936473119657040908338e0
-0.184960916313568277106e0 0.507223503007254855504e0
0.100000000000000000000e1 0.000000000000000000000e0
0.984274720161736104684e-1 0.206431166433693874938e0
-0.273743270098848955302e0 -0.286687633717238554124e0
