
0.100000000000000000000e1 0.000000000000000000000e0
0.715133789086956225140e-25 0.911428771559593128712e-24
-0.674887558061306847869e0 0.366280331386215990950e0
-0.232250462600973681252e-23 -0.685667048220265847926e-23
0.437189932863548890801e0 0.149327027979128701751e0
0.100000000000000000000e1 0.000000000000000000000e0
0.159579383556944821884e-23 0.102502646217422088311e-24
0.280282996294771649450e-24 0.282687760390793677374e-23
-0.207867777579479914935e0 -0.198919288536617379994e0
-0.297654770204197792515e0 -0.155432933332455015853e0
