
0.100000000000000000000e1 0.000000000000000000000e0
-0.838022891795325051013e0 -0.113108270670521937398e0
-0.422009034516390324379e0 0.535882640495468112111e0
0.212674722693630601433e-1 -0.619530428478918441236e0
0.465911377727519566077e0 0.149705793787285291994e0
0.100000000000000000000e1 0.000000000000000000000e0
0.303428045555532536562e-1 -0.331368630874688366582e0
0.481620640599437820593e0 0.575797609870324224204e0
-0.431322367730371996741e0 -0.189945877217192497969e0
-0.332518531265737397255e0 -0.937710184916872293345e0
