
0.692350110501612645632e-1 0.478888635616991713235e0
0.100000000000000000000e1 0.000000000000000000000e0
0.237709288714491709764e0 -0.135152381849491474392e0
-0.361665629781994970161e0 0.833246599875760182263e0
-0.352653730667952757801e0 -0.364706595700670014421e-2
0.100000000000000000000e1 0.000000000000000000000e0
0.756366870703702267795e0 -0.155186811877712301343e0
-0.100639301652246296685e0 -0.559385871362976870959e0
0.188733606269983080264e0 -0.572486602431601501143e0
-0.394928548832451848729e-1 0.149961452424847161230e0
