
0.345073252771914445281e0 -0.114396517531151436303e0
-0.406046923183072942581e0 -0.693326583954458158863e0
-0.181833127824017142627e-1 -0.467252908148027605909e0
0.100000000000000000000e1 0.000000000000000000000e0
0.389614289208761175644e-1 0.413609855753796026981e0
-0.356251219018977326538e0 0.309852979806465189227e0
0.773041143865198676050e-2 -0.401373217506100091889e0
-0.335447203120508852085e0 0.264820523852850549755e0
-0.144789222035319718425e0 -0.949769398344557250289e0
0.100000000000000000000e1 0.000000000000000000000e0
