1

0
-0.460795807479809398802831699045e-19 0.552919948634141162997113473762e-19
0.100000000000000000000000000000e1 0.000000000000000000000000000000e0
-0.498539595429319788595455038398e0 0.481491500877329610829051943829e0
0.730711111582224345047842673427e-1 0.729413823231372012818820626180e0
0.586753833630454657620704245535e0 -0.197956532982469743772849170212e0
-0.721641097260023451887124060338e-19 0.791914277875356620854981495960e-18
0.100000000000000000000000000000e1 0.000000000000000000000000000000e0
-0.322590860127107214491031415720e-18 0.314025881114782309354939883254e-18
-0.292710801128752163020801084302e0 0.924947074987189977388458518130e0
-0.359318370405668579896461057758e-18 -0.103306924678430918179549002958e-18

