1                                                

0.491581925338864852938e0 -0.425302170744295373217e0
0.100000000000000000000e1 0.000000000000000000000e0
-0.119025447078367089686e0 0.630670888949884859205e0
0.730711111582224341092e-1 0.729413823231372012974e0
0.332537434671702040117e0 -0.399814097791731157678e0
-0.511585939474207691141e0 0.804010813633484769977e0
0.100000000000000000000e1 0.000000000000000000000e0
0.171453431061379645613e0 0.185816467309900066427e0
0.221575592167623170234e0 0.881507574210402801808e0
0.176065760561348578635e0 0.123476779586452261931e0

