1

0
0.233065911037135752782206418962e-20 0.504910157644625748771404526636e-21
-0.804189910020259910224458231973e0 -0.534693205951583511192900203174e0
0.425413649240814188436973956180e0 -0.448598364726229123276445417486e0
0.100000000000000000000000000000e1 0.000000000000000000000000000000e0
-0.143339568078158766012915883232e0 0.360262342689639341321244977449e0
0.165539936042173559170727997123e-22 0.317802436632350077084915242706e-20
0.156781463635262306699376975114e-20 0.601454518356291809672592347992e-21
0.100000000000000000000000000000e1 0.000000000000000000000000000000e0
-0.180926132788146172163256946846e-20 0.207702244058345149574663560858e-21
0.418964538402246317695697848330e0 0.839780228903242572057648026901e0

