1                                                

-0.531555683735431486265e-1 -0.343055794259662821165e0
0.100000000000000000000e1 0.000000000000000000000e0
-0.225141169688791795218e0 0.668098863834732156341e0
-0.822713007468312938200e0 0.325853087752115883952e0
0.484695253328812313936e-1 -0.478113990872092757453e0
0.204417798519918345672e0 0.442559673589028611468e0
0.279961958653031096675e-1 0.108267710445999972036e0
0.100000000000000000000e1 0.000000000000000000000e0
-0.617815007458410407711e-1 -0.676242162859977438526e-1
0.336806990767315475127e0 0.688514301762954683973e0

